# Time-averaged data for fix myfixReac
# TimeStep f_4[1] f_4[2] f_4[3] f_4[4]
101000 0.95 0 0.83 0
102000 1 0 1 0
103000 1 0 1 0
104000 1 0 1 0
105000 1 0 1 0
106000 1 0 1 0
107000 1 0 1.74 0
108000 1 0 2 0
109000 1 0 2 0
110000 1 0 2 0
111000 1 0 2 0
112000 1 0 2 0
113000 1 0 2 0
114000 1 0 2 0
115000 1 0 2 0
116000 1 0 2 0
117000 1 0 2 0
118000 1 0 2 0
119000 1 0 2 0
120000 1 0.7 2 0
121000 1 1 2 0
122000 1 1 2 0
123000 1 1 2 0
124000 1 1 2 0
125000 1 1 2.65 0
126000 1 1 3 0
127000 1 1 3 0
128000 1 1.04 3 0.15
129000 1 2 3 1
130000 1 2 3 1
131000 1 2 3 1
132000 1 2 3 1
133000 1 2 3 1
134000 1 2 3.24 1
135000 1 2 4 1
136000 1 2 4 1
137000 1 2 4 1
138000 1 2 4.59 1
139000 1.97 2 6 1.23
140000 2 2 6 2
141000 2 2 6 2
142000 2 2 6 2
143000 2 2 6 2
144000 2 2 6 2
145000 2 2 6 2
146000 2 2 6 2
147000 2.25 2 6 2
148000 3 2 6 2
149000 3 2 6 2
150000 3 2 6 2
151000 3 2 6 2
152000 3 2 6 2
153000 3 2 6 2
154000 3 2 6 2
155000 3 2 6 2
156000 3 2 6 2
157000 3 2 6 2
158000 3 2 6 2
159000 3 2 6 2
160000 3 2 6 2
161000 3 2 6 2
162000 3 2 6 2
163000 3 2 6 2.3
164000 3 2 6 3
165000 3 2 6 3
166000 3 2 6 3.13
167000 3 2 6 4
168000 3 2 6 4
169000 3 2 6 4
170000 3 2 6 4
171000 3 2 6 4
172000 3 2 6 4
173000 3 2 6 4
174000 3 2 6 4
175000 3 2 6 4
176000 3 2 6 4
177000 3 2 6 4
178000 3 2 6 4.35
179000 3 2 6.62 5
180000 3 2 7 5
181000 3 2 7 5
182000 3 2 7 5
183000 3 2 7.21 5.25
184000 3 2 8 6
185000 3 2 8 6
186000 3 2 8 6.3
187000 3 2 8 7
188000 3 2 8 7
189000 3 2 8.03 7
190000 3 2 9 7
191000 3 2 9 7
192000 3 2 9 7
193000 3 2 9 7
194000 3 2 9 7
195000 3 2 9 7
196000 3 2 9 7
197000 3 2 9 7
198000 3 2.82 9 7
199000 3 3 9 7
200000 3 3 9 7
201000 3 3 9 7
202000 3.8 3 9 7
203000 4 3 9 7
204000 4 3 9 7
205000 4 3 9 7
206000 4.97 3 9 7
207000 5.73 3 9 7
208000 6 3 9 7
209000 6 3 9 7
210000 6 3 9 7
211000 6 3 9 7
212000 6 3 9 7
213000 6 3 9 7
214000 6 3 9 7
215000 6 3 9 7
216000 6 3 9 7
217000 6 3 9 7
218000 6 3 9 7
219000 6 3 9 7
220000 6 3.84 9 7
221000 6 4 9 7
222000 6 4 9 7
223000 6 4 9 7
224000 6 4 9 7
225000 6.44 4 9 7.2
226000 7 4 9 8
227000 7 4 9 8
228000 7 4 9 8
229000 7 4 9 8
230000 7 4 9 8.74
231000 7 4 9 9
232000 7 4 9.96 9
233000 7 4 10 9
234000 7 4 10 10
235000 7 4 10 10
236000 7 4 10 10
237000 7 4.35 10 10
238000 7 5 10 10
239000 7 5 10 10
240000 7 5 10 10
241000 7 5 10.23 10
242000 7 5 11 10
243000 7 5 11 10
244000 7 5 11 10
245000 7 5 11 10
246000 7 5 11 10
247000 7 5 11 10
248000 7 5 11 10
249000 7 5 11 10
250000 7 5 11 10
251000 7 5 11 10
252000 7 5 11 10
253000 7 5 11 10
254000 7 5 11 10
255000 7 5 11 10
256000 7 5 11 10
257000 7 5 11 10
258000 7 5 11 10
259000 7 5 11 10
260000 7 5 11 10
261000 7 5 11 10
262000 7 5 11 10
263000 7 5 11 10
264000 7 5 11 10
265000 7 5 11 10
266000 7 5 11 10
267000 7 5 11 10
268000 7 5 11 10
269000 7 5 11.26 10
270000 7 5 12 10
271000 7 5.26 12 10
272000 7 6 12 10
273000 7 6 12 10
274000 7 6 12 10
275000 7 6 12 10
276000 7.02 6 12 10
277000 8 6 12 10
278000 8 6 12 10
279000 8 6 12 10
280000 8 6 12 10
281000 8 6 12 10
282000 8.92 6 12 10
283000 9 6 12 10
284000 9 6.8 12 10
285000 9 7 12 10
286000 9.98 7 12 10
287000 10 7 12 10
288000 10 7 12.7 10
289000 10 7 13 10
290000 10 7 13 10
291000 10 7 13 10
292000 10 7 13 10
293000 10.83 7 13 10
294000 11 7 13 10
295000 11 7 13 10
296000 11 7 13 10
297000 11 7 13 10
298000 11 7 13 10
299000 11 7 13 10
300000 11 7 13 10
301000 11 7 13 10.52
302000 11 7 13 11
303000 11 7 13 11
304000 11 7 13 11
305000 11 7 13 11
306000 11 7 13 11
307000 11 7 13 11
308000 11.63 7 13 11
309000 12 7 13 11
310000 12 7 13 11
311000 12 7 13 11
312000 12 7 13 11
313000 12 7 13 11
314000 12 7 13 11
315000 12 7 13 11
316000 12 7 13 11
317000 12 7 13 11
318000 12 7 13 11
319000 12 7 13 11
320000 12 7 13 11
321000 12 7 13 11
322000 12 7 13 11
323000 12 7 13 11.01
324000 12 7 13 12
325000 12 7 13 12
326000 12 7.51 13 12
327000 12 8 13 12
328000 12 8 13 12
329000 12 8 13 12
330000 12 8 13.4 12
331000 12 8 14 12
332000 12 8 14 12
333000 12 8 14 12
334000 12 8 14 12
335000 12 8 14 12
336000 12 8 14 12
337000 12 8 14 12
338000 12 8 14 12
339000 12 8 14 12
340000 12 8 14 12
341000 12 8 14 12
342000 12 8 14 12
343000 12 8 14 12
344000 12 8 14 12
345000 12 8 14.16 12
346000 12 8 15 12
347000 12 8 15 12
348000 12 8 15 12
349000 12 8 15 12
350000 12 8 15 12
351000 12 8 15 12
352000 12 8 15 12
353000 12 8 15 12
354000 12 8 15 12
355000 12 8 15 12
356000 12 8 15 12
357000 12 8 15 12
358000 12 8 15 12
359000 12 8 15 12
360000 12 8 15 12
361000 12 8 15 12
362000 12 8 15 12
363000 12 8 15 12
364000 12 8 15 12
365000 12 8 15 12
366000 12 8 15 12
367000 12 8 15 12
368000 12 8 15 12.1
369000 12 8 15 13
370000 12 8 15 13
371000 12 8.66 15 13
372000 12 9 15 13
373000 12 9 15 13
374000 12 9 15 13
375000 12 9 15 13
376000 12 9 15 13
377000 12 9 15 13
378000 12 9 15 13.53
379000 12 9 15 14
380000 12 9 15 14
381000 12 9 15 14
382000 12.89 9 15 14.38
383000 13 9 15 15
384000 13 9 15 15
385000 13 9 15 15
386000 13 9 15 15
387000 13 9 15 15
388000 13 9 15 15
389000 13 9 15 15
390000 13 9 15.63 15
391000 13.56 9 16 15
392000 15 9 16 15
393000 15 9 16 15.83
394000 15 9 16 16
395000 15 9 16 16
396000 15 9 16 16
397000 15 9 16 16.32
398000 15 9 16 17
399000 15.23 9 16 17
400000 16 9 16 17
401000 16 9 16 17
402000 16 9 16 17
403000 16 9 16 17
404000 16 9 16.5 17
405000 16 9 17 17
406000 16 9.99 17 17
407000 16 10 17 17.36
408000 16 10 17 18
409000 16 10 17 18
410000 16.31 10 17 18
411000 17 10 17 18
412000 17 10 17 18
413000 17 10 17 18
414000 17 10.09 17 18
415000 17 11 17 18
416000 17 11 17 18
417000 17 11 17 18
418000 17 11 17 18
419000 17 11 17 18.45
420000 17 11 17 19
421000 17 11 17 19
422000 17 11 17 19
423000 17 11 17 19.43
424000 17 11 17 20
425000 17 11 17 20
426000 17 11 17 20
427000 17 11 17 20
428000 17 11 17 20
429000 17 11 17 20
430000 17 11 17 20
431000 17 11 17 20
432000 17 11 17 20
433000 17 11 17 20
434000 17 11 17 20
435000 17 11 17 20
436000 17 11 17 20
437000 17 11 17 20
438000 17 11 17 20
439000 17 11 17 20
440000 17 11 17 20
441000 17 11 17 20
442000 17 11 17 20
443000 17 11 17 20
444000 17 11 17 20
445000 17 11 17 20
446000 17 11 17 20.5
447000 17 11 17 21
448000 17 11 17 21
449000 17 11 17 21
450000 17 11 17 21
451000 17 11 17 21
452000 17 11 17 21
453000 17 11 17 21
454000 17 11 17 21
455000 17 11 17 21
456000 17 11 17 21
457000 17 11 17 21
458000 17 11 17 21
459000 17 11 17 21
460000 17 11 17 21
461000 17 11 17 21
462000 17 11 17 21
463000 17 11 17 21
464000 17 11 17 21
465000 17 11 17 21
466000 17 11 17 21
467000 17 11.52 17 21
468000 17 12 17 21
469000 17 12.21 17 21
470000 17 13 17.94 21
471000 17 13 18 21
472000 17 13 18.06 21
473000 17 13 19 21
474000 17 13 19 21
475000 17 13 19 21
476000 17 13 19 21
477000 17 13 19 21
478000 17 13 19 21
479000 17 13 19 21
480000 17 13 19 21
481000 17 13 19 21
482000 17 13 19 21.52
483000 17 13 19 22
484000 17 13 19 22
485000 17 13 19 22
486000 17 13 19 22
487000 17 13 19 22
488000 17 13 19.23 22
489000 17 13 20 22
490000 17 13 20 22
491000 17 13 20 22
492000 17 13 20 22
493000 17 13 20 22
494000 17 13.64 20 22
495000 17 14 20 22
496000 17 14 20.62 22
497000 17.51 14 21 22
498000 18 14 21 22
499000 18 14 21 22
500000 18 14 21 22
501000 18 14 21 22
502000 18 14 21 22
503000 18 14 21 22
504000 18 14 21 22
505000 18 14.53 21 22
506000 18 15 21 22
507000 18 15 21 22.59
508000 18 15 21 23
509000 18 15 21 23
510000 18 15 21 23
511000 18 15 21 23
512000 18 15 21 23
513000 18 15 21 23
514000 18 15 21 23
515000 18 15 21 23
516000 18 15 21 23.64
517000 18 15.69 21 24
518000 18 16 21 24
519000 18 16 21 24
520000 18 16 21 24.55
521000 18 16 21 25
522000 18 16 21 25
523000 18 16 21 25
524000 18 16 21.5 25
525000 18 16 22.66 25
526000 18 16 23 25
527000 18 16 23 25
528000 18 16 23 25
529000 18 16 23 25
530000 18 16 23 25
531000 18 16 23 25
532000 18 16 23 25
533000 18 16 23 25
534000 18 16 23 25
535000 18 16 23.16 25.12
536000 18.08 16 24 26
537000 19 16 24 26
538000 19.4 16 24 26
539000 20 16 24 26.54
540000 20 16 24 27
541000 20 16 24 27
542000 20 16 24 27
543000 20 16 24 27
544000 20 16 24.01 27
545000 20 16 25 27
546000 20 16 25 27
547000 20 16 25 27
548000 20 16 25 27
549000 20.97 16 25.81 27
550000 21 16.67 26 27
551000 21 17 26 27
552000 21 17 26 27
553000 21 17.06 26 27
554000 21 18 26 27
555000 21 18 26 27
556000 21 18 26 27
557000 21 18 26 27
558000 21 18 26 27
559000 21 18 26.74 27
560000 21 18 27 27
561000 21 18 27 27
562000 21 18 27 27
563000 21 18 27 27
564000 21 18 27 27
565000 21 18 27 27
566000 21 18 27 27
567000 21.38 18 27 27
568000 22 18.97 27 27
569000 22 19 27 27
570000 22 19 27 27
571000 22 19 27 27
572000 22 19 27 27
573000 22 19 27 27
574000 22.21 19 27 27
575000 23 19 27 27
576000 23 19 27 27.18
577000 23 19 27.77 28
578000 23 19.62 28 28
579000 23 20 28 28
580000 23 20 28 28
581000 23 20 28 28
582000 23 20 28 28
583000 23 20 28 28
584000 23 20 28 28
585000 23 20 28 28
586000 23 20 28 28
587000 23 20 28 28
588000 23 20 28 28
589000 23 20 28.31 28
590000 23 20 29 28.57
591000 23.99 20 29 29
592000 24 20 29 29
593000 24 20 29 29
594000 24 20 29 29
595000 24 20 29 29
596000 24 20 29 29
597000 24 20 29 29
598000 24.89 20 29 29
599000 25 20 29 29
600000 25 20 29 29
601000 25 20 29 29
602000 25 20 29 29
603000 25 20 29 29
604000 25 20 29 29
605000 25.21 20 29 29
606000 26 20 29 29
607000 26 20 29 29
608000 26 20 29 29
609000 26 20 29 29
610000 26 20 29 29
611000 26 20 29 29
612000 26 20 29 29
613000 26 20 29 29
614000 26 20 29 29
615000 26 20 29 29
616000 26 20 29 29
617000 26 20 29 29
618000 26 20 29 29
619000 26 20.51 29 29
620000 26 21 29.47 29
621000 26 21 30 29
622000 26 21 30 29
623000 26 21 30 29
624000 26 21 30 29
625000 26 21 30.74 29
626000 26 21.68 31 29
627000 26.16 22 31 29
628000 27 22 31 29
629000 27 22 31 29
630000 27 22 31 29
631000 27 22 31 29
632000 28 22 31 29
633000 28 22 31 29
634000 28 22 31 29
635000 28 22 31 29
636000 28 22 31 29
637000 28 22 31 29
638000 28 22 31 29
639000 28 22 31 29
640000 28 22 31 29
641000 28 22 31 29
642000 28 22 31 29
643000 28 22 31 29.68
644000 28 22 31 30
645000 28 22 31 30
646000 28 22 31 30
647000 28.03 22 31 30
648000 29 22 31 30
649000 29 22 31 30
650000 29 22 31 30
651000 29 22 31 30
652000 29 22 31 30
653000 29 22 31 30
654000 29.73 22 31 30
655000 30 22 31 30
656000 30 22.46 31 30
657000 30 24 31 30
658000 30 24 31 30
659000 30 24 31 30
660000 30 24 31 30
661000 30 24 31 30
662000 30 24 31 30
663000 30 24 31 30
664000 30 24 31 30.86
665000 30 24 31 31.11
666000 30 24 31 32
667000 30 24 31 32.39
668000 30 24 31 33
669000 30 24 31.67 33
670000 30 24 32 33
671000 30 24 32 33
672000 30 24 32 33
673000 30.34 24 32 33
674000 31 24 32 33
675000 31 24 32 33.79
676000 31 24 32 34
677000 31 24 32 34
678000 31 24 32 34
679000 31 24 32 34
680000 31 24 32 34
681000 31 24 32 34
682000 31 24 32 34
683000 31 24 32 34
684000 31 24 32 34
685000 31 24 32 34
686000 31 24 32 34
687000 31 24 32 34
688000 31 24 32 34
689000 31 24 32 34
690000 31 24 32 34
691000 31 24 32.34 34
692000 31 24 33.99 34
693000 31 24 34 34
694000 31 24 34 34
695000 31 24 34 34.41
696000 31 24 34 35
697000 31 24 34 35
698000 31 24 34 35
699000 31 24 34 35
700000 31 24 34 35
701000 31 24 34 35
702000 31 24 34 35
703000 31 24 34 35
704000 31 24 34 35
705000 31 24 34 35
706000 31 24 34 35
707000 31 24.46 34 35
708000 31 25 34 35
709000 31 25 34.59 35
710000 31 25 35 35
711000 31 25 35 35
712000 31 25 35 35
713000 31 26.12 35 35
714000 31 27 35 35
715000 31 27 35 35
716000 31 27 35 35
717000 31 27 35 35
718000 31 27 35 35
719000 31 27.08 35 35
720000 31 28 35 35
721000 31 28 35 35
722000 31 28 35.69 35.55
723000 31 28 36 36
724000 31 28 36 36
725000 31 28 36 36
726000 31 28 36 36
727000 31 28 36 36
728000 31 28 36 36
729000 31 28 36 36
730000 31.21 28 36 36
731000 32 28 36 36
732000 32 28 36 36
733000 32 28.41 36 36
734000 32 29.89 36 36
735000 32 30 36 36
736000 32 30.41 36 36
737000 32 31 36 36
738000 32 31.41 36 36
739000 32 32 36 36
740000 32 32 36 36
741000 32 32 36 36
742000 32 32 36 36
743000 32 32 36 36
744000 32 32 36 36
745000 32 32 36.68 36
746000 32 32 37 36.7
747000 32 32 37 38
748000 32 32 37 38
749000 32 32 37 38
750000 32 32 37.8 38.02
751000 32 32 38 39
752000 32 32.89 38 39
753000 32 33 38 39
754000 32 33 38 39
755000 32 33 38 39
756000 32 33 38 39
757000 32 33 38 39
758000 32 33 38 39
759000 32 33 38 39
760000 32 33 38 39
761000 32 33 38 39.57
762000 32 33 38 40
763000 32 33 38 40
764000 32 33 38 40
765000 32 33 38 40
766000 32 33 38 40.64
767000 32 33 38 41
768000 32 33 38 41
769000 32.34 33.18 38 41
770000 33 34 38 41
771000 33 34 38 41
772000 33 34 38 41
773000 33 34.92 38 41
774000 33 35 38 41
775000 33 35 38 41
776000 33 35 38 41
777000 33 35 38 41
778000 33 35 38 41
779000 33 35 38 41
780000 33 35 38 41
781000 33 35 38 41
782000 33 35 38 41
783000 33.39 36.37 38 41
784000 34 37 38 41
785000 34 37 38 41
786000 34 37 38 41
787000 34 37 38 41
788000 34 37 38 41
789000 34 37 38 41
790000 34 37 38 41
791000 34 37 38 41
792000 34 37 38 41.74
793000 34 37 38 42
794000 34 37 38 42
795000 34 37 38 42
796000 34 37 38 42
797000 34 37 38 42
798000 34 37 38 42
799000 34 37 38 42
800000 34 37 38 42
801000 34 37 38 42
802000 34 37 38.74 42
803000 34 37 39 42
804000 34 37 39 42
805000 34 37 39 42
806000 34 37 39 42
807000 34 37 39 42
808000 34 37 39 42
809000 34 37 39 42
810000 34 37 39 42
811000 34 37 39 42
812000 34 37 39 42
813000 34 37 39 42
814000 34 37 39 42
815000 34 37 39 42
816000 34 37 39 42.32
817000 34 37 39 43
818000 34 37 39 43
819000 34 37 39 43
820000 34 37 39 43
821000 34 37 39 43
822000 34.44 37 39 43
823000 35 37 39 43
824000 35 37.08 39 43
825000 35 38 39 43
826000 35 38 39 43
827000 35 38 39 43
828000 35 38.25 39 43
829000 35 39 39 43
830000 36 39 39 43.43
831000 36 39 39 45.13
832000 36 39 39 46
833000 36 39 39.23 46
834000 36 39 40 46
835000 36 39 40 46
836000 36 39 40 46
837000 36 39 40.61 46
838000 36 39 41 46
839000 36 39 41 46.2
840000 36 39 41 47.71
841000 36 39 41 48.53
842000 36 39 41 49.01
843000 36 39 41 50
844000 36 39 41 50
845000 36 39 41 50
846000 36 39 41 50
847000 36 39 41 50
848000 36 39 41 50.08
849000 36 39 41 51
850000 36 39 41.14 51
851000 36 39 42 51
852000 36 39 42.94 51
853000 36 39 43.44 51
854000 36 39 44 51
855000 36 39 44 51
856000 36 39 44 51
857000 36 39 44 51
858000 36 39 44 51
859000 36 39 44 51
860000 36 39 44 51
861000 36 39 44 51
862000 36 39 45.06 51
863000 36 39 46 51
864000 36 39 46.39 51
865000 36 39 47 51
866000 36 39 47 51
867000 36 39 47 51
868000 36 39 47 51
869000 36 39 47 51
870000 36 39 47 51
871000 36 39 47 51.24
872000 36 39.69 47 52
873000 36 40 47 52
874000 36 40 47 52
875000 36 40 47 52
876000 36 40 47 52
877000 36.87 40 47 52
878000 37 40 47 52
879000 37 40 47 52
880000 37 40 47 52
881000 37 40 47 52
882000 37 40 47 52
883000 37 40 47 52
884000 37 40 47 52
885000 37 40 47 52
886000 37 40 47 52
887000 37.33 40 47 52
888000 38 40 47 52
889000 38 40 47.11 52
890000 38 40 48 52.72
891000 38 40 48 53
892000 38 40 48 53
893000 38 40 48 53
894000 38 40 48 53
895000 39 40 48 53
896000 39 40 48 53
897000 39.29 40 48 53.42
898000 40 40 48 54
899000 40 40.96 48 54
900000 40 41 48 54
901000 40 41 48 54
902000 40 41 48 54
903000 40 41 48 54
904000 40 41.39 48 54
905000 40 42 48 54
906000 40 42 48 54
907000 40 42 48 54
908000 40 42 48 54
909000 40 42 48 54
910000 40 42.22 48 54
911000 40 43 48 54
912000 40.1 43 48 54
913000 41 43 48 54
914000 41 43 48 54
915000 41 43 48 54
916000 41 43 48 54
917000 41 43 48 54
918000 41 43 48 54
919000 41.1 43 48 54
920000 42 43 48 54
921000 42 43 48.61 54
922000 42 43 49 54
923000 42.69 43 49 54.48
924000 43 43 49 55
925000 43 43 49 55
926000 43.25 43 49 55
927000 44 43 49 55
928000 44 43 49 55
929000 44 43 49 55
930000 44 43 49 55
931000 44 43 49 55
932000 44 43.04 49 55.09
933000 44 44 49 56
934000 44 44 49 56
935000 44 44 49 56
936000 44 44 49 56
937000 44 44.85 49 56
938000 44 45 49 56
939000 44 45 49 56
940000 44 45 49 56
941000 44 45 49 56.97
942000 44 45 49.6 57
943000 44 45 50 57
944000 44 45 50 57
945000 44 45 50 57
946000 44 45 50 57.62
947000 44 45 50 58
948000 44 45 50 58
949000 44.99 45 50 58.42
950000 45 45.05 50 59
951000 45 46 50.64 59
952000 45 46 51 59
953000 45 46 51 59
954000 45 46 51 59
955000 45 46 51 59
956000 45 46 51 59
957000 45 46 51 59
958000 45 46 51 59
959000 45 46 51.92 59
960000 45 46 52 59
961000 45 46 52 59
962000 45 46 52 59
963000 45 46 52.68 59
964000 45 46 53 59
965000 45 46 53 59.18
966000 45 46 53 60
967000 45 46 53 60
968000 45 46 53 60
969000 45 46 53 60
970000 45 46 53 60
971000 45 46 53.46 60.57
972000 45 46 54 61
973000 45 46 54 61
974000 45 46 54 61.71
975000 45 46 54 62
976000 45 46.16 54 62
977000 45 47 54 62
978000 45 47 54 62
979000 45.56 47 54 62
980000 46 47 54 62.4
981000 46 47 54 63
982000 46.48 47 54 63
983000 47 47 54 63
984000 47 47 54 63
985000 47 47 54 63
986000 47 47 54 63
987000 47 47 54 63
988000 47 47 54.53 63.28
989000 47 47 55 64
990000 47 47 55 64
991000 47 47 55 64
992000 47 47 55 64.71
993000 47 47 55 65
994000 47 47 55 65
995000 47 47 55 65.63
996000 47 47 55 66
997000 47.67 47 55 66
998000 48 47 55 66
999000 48 47 55.87 66
1000000 48 47 57.66 66
1001000 48 47 58 66
1002000 48 47 58 66
1003000 48 47 58 66
1004000 48 47 58 66
1005000 48 47 58 66
1006000 48 47 58 66
1007000 48 47 58 66
1008000 48 47 58 66
1009000 48 47 58 66
1010000 48.2 47 58 66
1011000 49 47 58 66
1012000 49 47 58 66
1013000 49 47 58 66
1014000 49 47 58 66.39
1015000 49 47 58 67
1016000 49 47 58 67
1017000 49 47 58 67
1018000 49 47 58 67
1019000 49 47.1 58 67
1020000 49 48 58 67
1021000 49 48 58 67
1022000 49 48 58 67
1023000 49 48 58 67
1024000 49 48 58 67
1025000 49 48 58 67
1026000 49 48 58 67.54
1027000 49 48 58 68.4
1028000 49 48 58 69
1029000 49 48 58 69
1030000 49 48 58 69
1031000 49 48 58 69.71
1032000 49 48 58 71
1033000 49 48 58 71
1034000 49 48 58 71
1035000 49 48 58 71
1036000 49 48 58 71
1037000 49 48 58 71
1038000 49 48 58.88 71
1039000 49 48 59 71
1040000 49 48 59.9 71
1041000 49 48 60 71
1042000 49 48 60 71.67
1043000 49 48 60.12 72
1044000 49 48 61 72
1045000 49 48 61 72
1046000 49 48 61 72
1047000 49 48 61 72
1048000 49 48 61 72
1049000 49 48 61 72
1050000 49 48 61 72
1051000 49 48 61 72
1052000 49 48 61 72
1053000 49 48 61 72
1054000 49 48 61 72
1055000 49 48 61 72
1056000 49 48.81 61 72
1057000 49 49 61 72.2
1058000 49 49 61 73
1059000 49 49 61 73
1060000 49 49 61 73
1061000 49 49 61 73
1062000 49 49.85 61 73
1063000 49 50 61 73
1064000 49 50 61 73
1065000 49 50 61 73
1066000 49 50.43 61 73
1067000 49 51 61 73
1068000 49 51 61 73
1069000 49 51 61 73
1070000 49 51 61.04 73
1071000 49 51 62 73
1072000 49 51 62 73
1073000 49 51 62.25 73
1074000 49 51 63 73
1075000 49 51 63 73
1076000 49 51 63 73
1077000 49.49 51 63 73
1078000 50.35 51 63 73
1079000 51 51 63 73
1080000 51 51 63 73
1081000 51 51 63 73
1082000 51 51 63 73.83
1083000 51 51 63 74
1084000 51 51 63 74
1085000 51 51 63 74
1086000 51 51 63 74.2
1087000 51 51 63 75
1088000 51 51 63 75
1089000 51 51 63 75
1090000 51 51 63 75
1091000 51 51 63 75
1092000 51 51 63 75
1093000 51 51 63 75
1094000 51 51 63 75
1095000 51 51 63.69 75
1096000 51 51 64 75
1097000 51.68 51.04 64 75
1098000 52 52 64 75
1099000 52 52 64 75
1100000 52 52 64 75
1101000 52 52 64 75
1102000 52 52 64 75
1103000 52 52 64 75
1104000 52.72 52 64 75
1105000 53 52 64 75
1106000 53 52 64.07 75
1107000 53 52 65 75
1108000 53 52 65 75
1109000 53 52 65 75
1110000 53 52 65 75
1111000 53 52 65 75
1112000 53 52 65 75
1113000 53 52 65 75
1114000 53 52 65 75
1115000 53 52 65 75
1116000 53 52 65 75
1117000 53 52 65 75
1118000 53 52 65 75
1119000 53 52 65 75
1120000 53 52.24 65 75
1121000 53 53 65 75
1122000 53 53 65 75
1123000 53 53 65 75
1124000 53.12 53 65 75
1125000 54 53 65 75
1126000 54 53 65 75
1127000 54 53 65 75
1128000 54 53 65.98 75
1129000 54.18 53 66 75
1130000 55 53 66 75
1131000 55 53 66 75.66
1132000 55 53 66 76
1133000 55 53 66 76
1134000 55.13 53 66 76
1135000 56 53 66 76
1136000 56 53 66.93 76
1137000 56 53 67 76
1138000 56 53 67 76
1139000 56 53.83 67 76
1140000 56 54 67 76
1141000 56 54 67 76
1142000 56 54 67 76
1143000 56 54 68.37 76
1144000 56 54 69 76.02
1145000 56 54 69 77
1146000 56 54 69 77
1147000 56 54 69 77
1148000 56 54 69 77
1149000 56 54 69 77
1150000 56 54 69 77
1151000 56 54 69 77
1152000 56 54 69 77
1153000 56 54 69 77
1154000 56 54 69 77
1155000 56 54 69 77
1156000 56 54 69 77.49
1157000 56 54 69 78
1158000 56 54 69 78
1159000 56 54 69 78
1160000 56 54 69.31 78
1161000 56 54 70 78
1162000 56 54 70 78
1163000 56 54 70 78
1164000 56 54 70 78
1165000 56 54 70 78.69
1166000 56 54 70 79
1167000 56 54.92 70 79
1168000 56 55 70 79
1169000 56 55 70 79
1170000 56 55 70 79
1171000 56 55 70 79
1172000 56 55 70 79
1173000 56 55 70 79
1174000 56 55.14 70 79
1175000 56 56 70 79
1176000 56 56 70 79.71
1177000 56 56 70 80
1178000 56 56 70 80.26
1179000 56 56 70 81
1180000 56 56 70 81
1181000 56 56 70 81
1182000 56 56 70 81
1183000 56 56 70 81
1184000 56 56 70 81
1185000 56.96 56 70 81.17
1186000 57.96 56 70 82
1187000 58 56 70 82
1188000 58 56.55 70.32 82
1189000 58 57 71 82
1190000 58 57 71 82.76
1191000 58 57 71 83
1192000 58 57 71.28 83
1193000 58 57 72 83
1194000 58 57 72 83
1195000 58 57 72 83
1196000 58 57 72 83
1197000 58 57 72 83
1198000 58 57 72 83
1199000 58 57 72 83
1200000 58 57 72 83
1201000 58 57 72 83
1202000 58 57 72 83
1203000 58 57 72 83
1204000 58.79 57 72 83.48
1205000 59 57 72 84
1206000 59 57 72 84
1207000 59 57 72 84
1208000 59 57 72 84
1209000 59 57 72 84
1210000 59 57 72 84
1211000 59 57 72 84.14
1212000 59 57 72 85
1213000 59 57.32 72 85
1214000 59 58 72 85.62
1215000 59 58 72 86
1216000 59 58 72 86
1217000 59 58 72 86
1218000 59.81 58 72 86
1219000 60 58 72 86
1220000 60 58 72 86
1221000 60 58 72 86
1222000 60 58 72 86
1223000 60 58 72 86
1224000 60 58 72 86
1225000 60 58 72 86
1226000 60 58 72 86
1227000 60 58 72 86
1228000 60 58 72 86
1229000 60 58.98 72 86
1230000 60.6 59 72 86
1231000 61 59 72 86
1232000 61 59 72 86
1233000 61 59 72 86
1234000 61 59 72 86
1235000 61 59 72 86
1236000 61 59.08 72 86
1237000 61 60 72 86
1238000 61 60 72 86
1239000 61 60 72 86
1240000 61 60 72 86
1241000 61 60 72 86
1242000 61 60 72 86
1243000 61 60 72 86
1244000 61 60 72 86
1245000 61 60 72 86
1246000 61 60 72 86
1247000 61 60 72 86
1248000 61 60 72 86
1249000 61 60 72 86
1250000 61 60 72 86
1251000 61 60 72.26 86
1252000 61 60 73 86
1253000 61 60 73 86
1254000 61.41 60 73 86
1255000 62.07 60 73 86
1256000 63 60 73 86
1257000 63 60 73 86
1258000 63 60 73 86
1259000 63 60 73.77 86
1260000 63.9 60 74 86
1261000 64 60 74.8 86
1262000 64 60 75 86
1263000 64 60 75 86
1264000 64 60 75 86
1265000 64 60 75 86
1266000 64 60 75 86
1267000 64 60 75 86
1268000 64.72 60 75 86
1269000 65 60 75 86.02
1270000 65 60.29 75 87
1271000 65 61 75 87
1272000 65 61 75 87
1273000 65.2 61 75 87
1274000 66 61 75 87
1275000 66 61 75 87
1276000 66 61 75 87
1277000 66 61 75 87
1278000 66.62 61 75 87
1279000 67 61 75 87
1280000 67 61 75 87
1281000 67 61 75 87
1282000 67 61 75 87
1283000 67 61.45 75 87
1284000 67 62 75 87
1285000 67 62 75 87
1286000 67.82 62 75 87
1287000 68 62.33 75 87
1288000 68 63 75 87
1289000 68 63 75 87
1290000 68 63 75.22 87
1291000 68 63 76.19 87
1292000 68 63 77 87
1293000 68 63 77 87
1294000 68 63 77 87
1295000 68 63 77 87
1296000 68 63.17 77 87
1297000 68 64 77 87
1298000 68 64 77 87
1299000 68 64 77 87
1300000 68 64 77 87
1301000 68 64 77 87
1302000 68 64 77 87
1303000 68 64 77 87
1304000 68 64 77 87
1305000 68 64 77 87
1306000 68 64 77 87
1307000 68 64 77 87
1308000 68 64 77 87
1309000 68 64.92 77 87
1310000 68 65 77 87
1311000 68 65 77 87
1312000 68 65 77 87
1313000 68 65 77 87
1314000 68 65 77 87
1315000 68 65.23 77 87
1316000 68 66 77 87
1317000 68 66 77 87
1318000 68 66 77 87
1319000 68 66 77 87
1320000 68 66 77 87
1321000 68 66 77 87
1322000 68 66 77 87
1323000 68 66 77 87
1324000 68 66 77 87.54
1325000 68 66 77 88
1326000 68 66 77 88
1327000 68 66 77 88
1328000 68 66 77 88
1329000 68 66 77 88
1330000 68 66 77 88
1331000 68 66 77 88
1332000 68 66 77 88
1333000 68 66 77 88
1334000 68 66 77 88
1335000 68 66 77 88
1336000 68 66 77 88
1337000 68 66 77 88
1338000 68 66 77 88
1339000 68.99 66 77 88
1340000 69 66 77 88.16
1341000 69 66 77 89
1342000 69 66.55 77 89
1343000 69 67 77 89
1344000 69 67 77 89
1345000 69 67 77 89
1346000 69 67 77 89
1347000 69 67 77 89
1348000 69.2 67 77 89
1349000 70 67 77 89
1350000 70 67 77 89
1351000 70 67 77 89
1352000 70 67.57 77 89
1353000 70 68.2 77 89
1354000 70 69 77 89
1355000 70 69 77 89
1356000 70 69 77 89
1357000 70 69 77.95 89
1358000 70 69 78 89.68
1359000 70 69 78 90
1360000 70 69 78 90
1361000 70 69 78 90
1362000 70 69 78 90
1363000 70 69 78 90
1364000 70 69 78 90
1365000 70 69 78 90
1366000 70 69 78 90
1367000 70 69 78 90
1368000 70 69 78 90
1369000 70 69 78 90
1370000 70 69 78 90
1371000 70 69 78 90
1372000 70 69 78 90
1373000 70 69 78 90
1374000 70 69.28 78 90
1375000 70 70 78 90
1376000 70 70 78 90
1377000 70 70 78 90
1378000 70 70 78 90
1379000 70 70 78 90
1380000 70 70 78 90
1381000 70 70 78 90.73
1382000 70 70 78.34 91
1383000 70 70 80 91
1384000 70 70 80 91
1385000 70 70 80 91
1386000 70 70 80 91
1387000 70 70 80 91.2
1388000 70 70 80 92
1389000 70 70 80 92
1390000 70 70 80 92
1391000 70 70 80 92
1392000 70 70 80.83 92
1393000 70 70 82 92
1394000 70 70 82 92
1395000 70 70 82 92
1396000 70 70 82.71 92
1397000 70 70 83 92
1398000 70 70 83 92
1399000 70 70 83 92
1400000 70 70 83 92
1401000 70 70 83 92
1402000 70 70 83 92
1403000 70 70 83 92
1404000 70 70.7 83 92
1405000 70 71 83 92
1406000 70 71.89 83 92
1407000 70 72 83 92
1408000 70 72 83 92
1409000 70 72 83 92
1410000 70 72 83 92
1411000 70.88 72 83 92
1412000 71 72 83 92
1413000 71 72 83 92
1414000 71 72 83 92
1415000 71 72.44 83 92
1416000 71 73 83 92.78
1417000 71 73.5 83 93
1418000 71 74 83 93
1419000 71 74 83 93
1420000 71 74 83 93
1421000 71 74 83 93
1422000 71 74 83 93
1423000 71 74 83 93
1424000 71 74 83 93
1425000 71 74 83 93.42
1426000 71 74 83 94
1427000 71 74 83 94
1428000 71 74 83 94.4
1429000 71 74 83 95
1430000 71.19 74 83 95
1431000 72 74 83 95
1432000 72 74 83 95
1433000 72 74.33 83 95
1434000 72 75 83 95
1435000 72 75 83 95
1436000 72 75 83 95
1437000 72 75 83 95
1438000 72 75 83.81 95
1439000 72 75 84 95.75
1440000 72 75 84 96
1441000 72 75 84 96
1442000 72 75 84 96
1443000 72 75 84 96
1444000 72 75 84 96
1445000 72 75 84 96
1446000 72 75 84 96
1447000 72 75 84 96
1448000 72 75 84 96
1449000 72 75 84 96
1450000 72 75 84.76 96
1451000 72 75 85 96
1452000 72 75 85 96
1453000 72 75 85 96
1454000 72 75 85 96
1455000 72 75 85 96
1456000 72 75 85.1 96
1457000 72 75 86 96
1458000 72 75.43 86 96
1459000 72 76 86 96
1460000 72 76 86 96.84
1461000 72 76 86 97
1462000 72 76 86 97
1463000 72 76 86 97
1464000 72 76 86 97
1465000 72 76 86.22 97
1466000 72 76 87 97
1467000 72.07 76 87 97
1468000 73 76 87 97
1469000 73 76 87 97
1470000 73 76 87 97
1471000 73 76 87 97
1472000 73 76 87 97
1473000 73 76 87 97
1474000 73.69 76 87 97
1475000 74 76.3 88.53 97
1476000 74 77 89 97
1477000 74.28 77 89 97
1478000 75 77 89 97
1479000 75 77 89 97
1480000 75 77 89 97
1481000 75 77 89 97
1482000 75 77 89 97
1483000 75 77 89 97
1484000 75 77 89 97
1485000 75 77 89 97
1486000 75 77 89 97
1487000 75 77 89 97
1488000 75 77 89 97
1489000 75 77 89 97
1490000 75 77 89 97
1491000 75 77 89 97
1492000 75 77 89 97
1493000 75 77 89 97
1494000 75 77 89 97
1495000 75 77 89 97
1496000 75 77.14 89 97.83
1497000 75 78 89 98
1498000 75 78 89 98
1499000 75 78 89.22 98
1500000 75 78 90 98
1501000 75 78 90 98
1502000 75 78 90 98
1503000 75 78.06 90 98
1504000 75 79 90 98
1505000 75 79 90 98
1506000 75.28 79 90 98
1507000 76 79 90 98
1508000 76 79 90 98
1509000 76 79 90 99.28
1510000 76 79 90 100
1511000 76 79 90 100
1512000 76 79 90 100
1513000 76 79 90 100
1514000 76 79 90 100
1515000 76.43 79 90 100
1516000 77 79 90 100
1517000 77 79 90 100
1518000 77 79 90 100
1519000 77 79 90 100
1520000 77 79 90 100
1521000 77 79 90 100
1522000 77 79 90 100
1523000 77 79 90.17 100
1524000 77 79 91 100
1525000 77.69 79 91 100
1526000 78 79 91 100
1527000 78 79 91 100
1528000 78 79 91 100.54
1529000 78 79 91.18 101
1530000 78 79 92 101
1531000 78 79 92 101
1532000 78 79 92 101
1533000 78 79 92 101
1534000 78 79 92 101
1535000 78 79 92 101
1536000 78 79 92 101
1537000 78 79 92 101
1538000 78 79 92 101
1539000 78 79 92 101
1540000 78 79.25 92 101
1541000 78 80 92 101
1542000 78 80 92 101
1543000 78 80.9 92 101
1544000 78 81 92 101
1545000 78 81 92 101
1546000 78 81 92 101
1547000 78 81 92 101.55
1548000 78 81 92 102
1549000 78 81 92 102
1550000 78 81 92 102
1551000 78 81 92 102
1552000 78.15 81 92 102.17
1553000 79 81 92 103
1554000 79 81 92 103
1555000 79 81 92 103
1556000 79 81 92 103
1557000 79 81 92.17 103
1558000 79.25 81 93 103.91
1559000 80 81 93 104
1560000 80 81 93 104
1561000 80 81 93 104
1562000 80 81 93 104
1563000 80 81 93 104
1564000 80.9 81 93 104.97
1565000 81 81 93 105
1566000 81 81 93 105
1567000 81 81 93 105
1568000 81.8 81 93 105
1569000 82 81 93 105
1570000 82 81.28 93 105
1571000 82 82 93 105
1572000 82 82 93 105
1573000 82 82 93 105
1574000 82 82 93 105
1575000 82 82 93.75 105
1576000 82 82 94 105
1577000 82 82 94 105
1578000 82 82 94 105
1579000 82 82 94 105
1580000 82 82 94 105
1581000 82.7 82 94 105.48
1582000 83 82 94 106
1583000 83 82 94 106
1584000 83 82 94 106
1585000 83 82 94 106
1586000 83 82 94 106
1587000 83.43 82 94 106
1588000 84 82 94 106.32
1589000 84 82 94 107
1590000 84 82 94.81 107
1591000 84 82 95 107
1592000 84 82 95 107
1593000 84 82 95 107
1594000 84 82 95.97 107
1595000 84 82 96 107
1596000 84 82 96 107
1597000 84 82 96 107
1598000 84 82.41 96 107
1599000 84 83 96 107
1600000 84 83 96 107
1601000 84 83 96 107
1602000 84 83 96 107
1603000 84 83 96.08 107
1604000 84 83 97 107.6
1605000 84 83 97 108
1606000 84 83 97 108
1607000 84 83 97 108
1608000 84 83 97 108
1609000 84 83 97 108.17
1610000 84 83 97 109
1611000 84 83 97 109
1612000 84 83 97 109
1613000 84 83 97.13 109
1614000 84 83 98 109
1615000 84 83 98 109
1616000 84 83 98 109
1617000 84 83 98.45 109
1618000 84 83 99.59 109
1619000 84 83 100.99 109
1620000 84.86 83 101 109
1621000 85 83 101 109
1622000 85 83 101 109.82
1623000 85 83 101 110.89
1624000 85 83 101 111
1625000 85 83 101 111
1626000 85 83 101 111
1627000 85 83.37 101 111
1628000 85 84 101 111
1629000 85 84 101 111.1
1630000 85 84 101 112
1631000 85 84.88 101 112
1632000 85 85 101 112
1633000 85 85 101 112
1634000 85 85 101 112
1635000 85 85 101 112
1636000 85 85.41 101 112
1637000 85 86 101 112
1638000 85 86 101 112
1639000 85 86 101 112
1640000 85 86 101 112
1641000 85 86 101 112
1642000 85 86 101 112
1643000 85 86 101 112
1644000 85 86 101 112
1645000 85 86 101 112
1646000 85 86 101 112
1647000 85 86 101 112
1648000 85 86 101 112
1649000 85 86 101 112
1650000 85 86 101 112
1651000 85 86 101 112
1652000 85 86 101 112
1653000 85 86 101 112
1654000 85 86 101 112
1655000 85 86 101 112
1656000 85 86 101 112
1657000 85 86 101 112
1658000 85 86 101 112
1659000 85 86 101 112
1660000 85 86 101 112
1661000 85.28 86 101 112
1662000 86 86 101 112
1663000 86 86 101 112
1664000 86 86 101 112
1665000 86 86 101 112
1666000 86 86 101 112
1667000 86 87 101 112
1668000 86 87 101 112
1669000 86 87 101 112
1670000 86 87.74 101 112
1671000 86 88 101 112
1672000 86 88 101 112
1673000 86 88 101 112
1674000 86 88 101 112
1675000 86 88 101 112
1676000 86 88 101 112
1677000 86 88 101 112
1678000 86 88 101 112
1679000 86 88.32 101 112
1680000 86 89 101 112
1681000 86.38 89 101 112
1682000 87 89 101 112
1683000 87 89 101 112.97
1684000 87 89 101 113
1685000 87 89 101 113
1686000 87 89 101 113.78
1687000 87 89 101 114
1688000 87 89 101 114
1689000 87 89 101 114
1690000 87 89 101 114
1691000 87 89.77 101 114.33
1692000 87 90 101 115
1693000 87 90 101 115
1694000 87 90 101.97 115
1695000 87 90 102.69 115
1696000 87 90 104 115
1697000 87 90 104 115
1698000 87 90 104 115
1699000 87 90 104 115
1700000 87 90 104 115
1701000 87 90 104 115
1702000 87 90 104 115
1703000 87 90 104 115
1704000 87 90 104 115
1705000 87 90 104 115
1706000 87.77 90 104 115
1707000 88 90 104 115
1708000 88 90 104 115
1709000 88 90 104 115
1710000 88 90 104 115
1711000 88 90.31 104 115
1712000 88 91.27 104 115
1713000 88 92 104.64 115
1714000 88 92 105 115
1715000 88 92 105 115
1716000 88 92.52 105 115
1717000 88 93 105 115
1718000 88 93 105 115
1719000 88 93 105 115
1720000 88 93 105 115
1721000 88 93 105 115
1722000 88 93 105 115
1723000 88 93 105 115
1724000 88 93 105 115
1725000 88 93 105 115
1726000 88 93 105 115
1727000 88 93 105 115.8
1728000 88 93 105 116.48
1729000 88 93 105 117
1730000 88 93 105 117
1731000 88 93 105 117
1732000 88 93 105 117.28
1733000 88 93 105 118
1734000 88 93 105 118
1735000 88 93 105.3 118
1736000 88 93 106 118
1737000 88 93 106 118
1738000 88 93 106 118
1739000 88 93 106.17 118
1740000 88 93 107 118
1741000 88 93 107 118
1742000 88 93 107 118
1743000 88 93 107 118
1744000 88 93 107 118
1745000 88 93 107 118
1746000 88.58 93 107 118
1747000 89 93 107 118
1748000 89 93 107 118
1749000 89 93 107 118
1750000 89 93 107 118
1751000 89 93 107 118
1752000 89 93 107 118
1753000 89.89 93 107 118
1754000 90 93 107 118
1755000 90 93 107 118
1756000 90 93 107 118
1757000 90 93 107 118
1758000 90 93 107 118
1759000 90 93 107.72 118
1760000 90 93 108 118
1761000 90 93 108.33 118
1762000 90 93 109 118
1763000 90 93 109 118
1764000 90 93 109 118
1765000 90 93 109 118.78
1766000 90 93 109.15 119
1767000 90 93 110 119
1768000 90 93 110 119
1769000 90 93 110 119
1770000 90 93 110 119
1771000 90.54 93 110 119
1772000 91 93 110 119
1773000 91 93 110 119
1774000 91 93 110 119
1775000 91 93 110 119
1776000 91 93 110 119
1777000 91 93 110 119
1778000 91 93 110 119
1779000 91 93 110 119
1780000 91 93 110 119.57
1781000 91 93 110 120
1782000 91 93 110 120
1783000 91 93 110 120
1784000 91 93 110 120
1785000 91 93 110 120
1786000 91 93 110 120
1787000 91 93 110 120
1788000 91 93 110 120
1789000 91 93 110 120
1790000 91 93 110 120
1791000 91 93 110 120
1792000 91 93 110 120
1793000 91 93 110 120
1794000 91 93 110 120
1795000 91 93 110 120
1796000 91 93 110 120.73
1797000 91 93 110 121
1798000 91 93 110 121
1799000 91 93 110 121
1800000 91 93 110 121
1801000 91 93 110 121
1802000 91 93 110 121
1803000 91 93 110 121
1804000 91 93 110 121
1805000 91 93 110 121
1806000 91 93 110 121
1807000 91 93 110 121
1808000 91 93 110 121
1809000 91 93 110 121
1810000 91 93 110 121
1811000 91 93 110 121
1812000 91 93 110 121
1813000 91 93 110 121
1814000 91 93.31 110 121
1815000 91 94 110 121
1816000 91 94 110 121
1817000 91 94 110 121
1818000 91 94 110 121
1819000 91 94.07 110 121
1820000 91 95 110 121
1821000 91 95 110 121
1822000 91 95 110 121
1823000 91 95 110 121.15
1824000 91 95 110 122
1825000 91 95 110 122
1826000 91 95 110 122
1827000 91 95 110 122
1828000 91 95 110 122
1829000 91 95 110 122
1830000 91 95 110 122
1831000 91 95 110 123.48
1832000 91 95 110 124
1833000 91 95 110 124
1834000 91 95 110 124
1835000 91 95.7 110 124
1836000 91 96 110 124
1837000 91 96 110 124
1838000 91 96 110 124
1839000 91 96 110 124.25
1840000 91 96 110 125
1841000 91 96 110 125
1842000 91 96 110 125
1843000 91 96 110 125
1844000 91 96.09 110 125
1845000 91 97 110 125
1846000 91 97 110.04 125.12
1847000 91 97 111 126
1848000 91 97 111 126
1849000 91 97 111 126
1850000 91 97 111 126
1851000 91.15 97 111 126
1852000 92 97 111.59 126.78
1853000 92 97 112 127
1854000 92 97 112 127
1855000 92 97 112 127
1856000 92 97 112 127
1857000 92 97 112 127
1858000 92 97 112 127
1859000 92 97 112 127
1860000 92 97 112 127
1861000 92 97 112 127
1862000 92 97 112 127
1863000 92 97 112 127
1864000 92 97 112 127
1865000 92 97 112 127
1866000 92 97 112 127
1867000 92 97 112 127
1868000 92 97 112 127
1869000 92 97 112 127
1870000 92 97 112 127
1871000 92 97.7 112 127
1872000 92 98 112 127
1873000 92 98.76 112 127
1874000 92 99 112 127
1875000 92.65 99 112 127
1876000 93 99 112 127
1877000 93 99 112 127
1878000 93 99 112 127
1879000 93 99 112 127
1880000 93 99 112 127
1881000 93 99 112 127
1882000 93 99.32 112 127
1883000 93 100 112 127
1884000 93 100 112 127
1885000 93 100 112 127
1886000 93.99 100 112 127
1887000 94 100 112 127
1888000 94 100 112 127
1889000 94 100 112 127
1890000 94 100 112 127
1891000 94 100 112 127
1892000 94 100 112 127
1893000 94 100 112 127
1894000 94 100 112 127
1895000 94 100 112 127.65
1896000 94 100 112 128
1897000 94 100 112 128
1898000 94 100 112 128
1899000 94.24 100 112 128
1900000 95 100 112 128.37
1901000 95 100 112 129
1902000 95 100 112 129
1903000 95 100 112 129
1904000 95 100 112 129
1905000 95 100 112 129
1906000 95 100 112 129
1907000 95 100 112 129
1908000 95 100 112 129
1909000 95 100 112 129
1910000 95 100 112 129
1911000 95 100 112 129
1912000 95 100 112 129.35
1913000 95 100 112 130
1914000 95 100 112 130
1915000 95 100 112 130
1916000 95 100 112 130.64
1917000 95 100 112 131
1918000 95 100 112 131
1919000 95.09 100 112 131
1920000 96 100 112 131
1921000 96 100 112 131
1922000 96.22 100 112 131
1923000 97 100 112 131
1924000 97 100 112 131
1925000 97 100 112 131
1926000 97 100 112 131
1927000 97 100 112 131
1928000 97 100 112 131
1929000 97 100 112 131
1930000 97 100 112 131
1931000 97 100 112 131
1932000 97 100.12 112 131
1933000 97 101 112 131
1934000 97 101 112 131
1935000 97 101 112 131
1936000 97 101 112 131
1937000 97 101 112.92 131
1938000 97 101 113 131
1939000 97 101 113 131
1940000 97 102.19 113 131
1941000 97.45 103 113 131
1942000 98 103 113 131
1943000 98 103 113 131
1944000 98 103 113 131
1945000 98 103 113 131
1946000 98 103 113 131
1947000 98 103 113 131
1948000 98.3 103 113 131
1949000 99 103 113 131
1950000 99 103 113 131
1951000 99 103.71 113 131
1952000 99 104 113 131
1953000 99 104 113 131
1954000 99 104 113 131
1955000 99 104 113 131
1956000 99 104 113 131
1957000 99 104 113.2 131
1958000 99 104 114 131
1959000 99 104 114 131.29
1960000 99 104.33 114 132
1961000 99 105 114 132
1962000 99 105 114 132
1963000 99.04 105 114 132
1964000 100.2 105 114 132
1965000 101 105 114 132
1966000 101 105 114 132
1967000 101 105 114 132.52
1968000 101 105 114 133.83
1969000 101 105 114 134
1970000 101 105 114 134
1971000 101.7 105 114 134
1972000 102 105.34 114 134
1973000 102 106 114 134
1974000 102 106 114 134
1975000 102 106 114 134.14
1976000 102 106 114 135
1977000 102 106 114 135
1978000 102 106 114 135
1979000 102 106 114 135
1980000 102 106 114 135
1981000 102 106 114 135
1982000 102 106 114 135
1983000 102 106 114 135
1984000 102 106 114 135
1985000 102 106 114 135
1986000 102 106 114 135
1987000 102 106 114 135
1988000 102 106 114 135
1989000 102 106 114 135
1990000 102 106 114 135
1991000 102 106 114 135
1992000 102 106 114 135
1993000 102 106 114 135
1994000 102 106 114 135
1995000 102.15 106 114 135
1996000 103 106 114 135
1997000 103.84 106 114 135
1998000 104 106 114 135
1999000 104 106 114 135
2000000 104 106 114 135
2001000 104 106 114 135
2002000 104 106 114 135
2003000 104 106 114 135
2004000 104 106 114 135
2005000 104 106 114 135
2006000 104 106 114 135.42
2007000 104 106 114 136
2008000 104 106 114 136
2009000 104 106 114 136
2010000 104 106 114 136
2011000 104 106 114 136
2012000 104 106.47 114 136
2013000 104 107.37 114 136
2014000 104 108 114 136
2015000 104 108 114 136
2016000 104 108 114 136
2017000 104 108 114 136
2018000 104 108 114 136
2019000 104 108 114 136
2020000 104 108 114 136
2021000 104 108 114 136
2022000 104 108 114 136
2023000 104 108 114.75 136
2024000 104 108 115 136
2025000 104 108 115 136
2026000 104 108 115 136
2027000 104 108 115 136
2028000 104 108.61 115 136
2029000 104 109 115.25 136
2030000 104 109 116 136
2031000 104 109 116 136
2032000 104 109 116 136
2033000 104 109 116 136
2034000 104 109 116 136
2035000 104 109 116.03 136
2036000 104 109 117 136
2037000 104 109 117 136
2038000 104 109 117 136
2039000 104 109 117 136.45
2040000 104 109 117 137
2041000 104 109 117 137
2042000 104 109 117 137
2043000 104 109.5 117 137
2044000 104 110 117 137
2045000 104 110 117 137
2046000 104 110 117 137
2047000 104 110 117 137
2048000 104 110 117 137
2049000 104 110 117 137
2050000 104 110 117 137
2051000 104 110 117 137
2052000 104 110 117 137
2053000 104 110 117 137
2054000 104 110.66 117 137
2055000 104 111 117 137
2056000 104.17 111 117 137
2057000 105 111 117 137
2058000 105 111 117 137
2059000 105 111 117 137
2060000 105 111 117 137
2061000 105 111 117 137
2062000 105 111 117 137
2063000 105 111 117 137
2064000 105 111 117 137
2065000 105 111 117 137
2066000 105 111 117 137
2067000 105 111 117 137
2068000 105 111 117 137
2069000 105 111 117.25 137
2070000 105 111 118 137
2071000 105 111 118 137
2072000 105 111 118 137
2073000 105 111 118 137
2074000 105 111 118 137
2075000 105 111 118 137
2076000 105 111 118 137
2077000 105 111 118 137
2078000 105 111 118 137.34
2079000 105 111 118 138
2080000 105 111 118 138
2081000 105 111 118 138
2082000 105 111 118 138
2083000 105.84 111 118 138
2084000 106 111 118 138.19
2085000 106 111 118 139
2086000 106 111 118 139
2087000 106 111 118 139
2088000 106 111 118 139
2089000 106 111 118 139
2090000 106 111 118.12 139
2091000 106 111 119 139
2092000 106 111 119 139
2093000 106 111 119 139.43
2094000 106 111 119 140
2095000 106 111 119 140
2096000 106 111 119 140
2097000 106 111 119 140
2098000 106 111 119 140
2099000 106 111 119 140
2100000 106 111 119 140
2101000 106 111 119 140
2102000 106.5 111 119 140
2103000 107 111 119 140
2104000 107 111.85 119 140
2105000 107 112 119 140
2106000 107 112 119 140
2107000 107 112 119 140.43
2108000 107 112 119 141
2109000 107 112 119 141
2110000 107 112.34 119 141
2111000 107 113 119 141
2112000 107 113 119 141
2113000 107 113 119 141
2114000 107 113.73 119 141.22
2115000 107 114 119 142
2116000 107 114 119 142
2117000 107 114.73 119 142
2118000 107 115 119 142
2119000 107 115.03 119 142
2120000 107 116 119 142
2121000 107 116 119 142.56
2122000 107 116 119 143
2123000 107 116 119 143
2124000 107 116 119 143
2125000 107 116 119 143
2126000 107.12 116 119 143
2127000 108 116 119 143
2128000 108 116 119 143
2129000 108 116 119 143.08
2130000 108 116 119 144
2131000 108 116.03 119 144
2132000 108 117 119 144
2133000 108 117 119 144
2134000 108 117 119 144
2135000 108 117 119 144
2136000 108 117 119 144
2137000 108.93 117 119 144
2138000 109 117 119 144.18
2139000 109 117 119 146
2140000 109 117 119 146.74
2141000 109 117 119 147
2142000 109 117 119 147
2143000 109 117 119 147.95
2144000 109 117 119 148
2145000 109 117.33 119 148
2146000 109 118 119 148
2147000 109 118 119 148
2148000 109 118 119 148
2149000 109.77 118 119 148
2150000 110 118 119 148
2151000 110 118 119 148
2152000 110 118 119 148
2153000 110 118 119 148
2154000 110 118.8 119 148
2155000 110 119 119 148
2156000 110 119 119 148.95
2157000 110 119 119 149
2158000 110 119 119 149
2159000 110 119 119 149
2160000 110 119 119 149
2161000 110 119 119 149
2162000 110 119 119 149
2163000 110 119.64 119 149
2164000 110 120 119 149
2165000 110 120 119 149.29
2166000 110 120 119 150
2167000 110 120 119 150
2168000 110 120 119 150
2169000 110 120 119 150
2170000 110 120 119 150.67
2171000 110 120 119 151
2172000 110 120 119 151
2173000 110 120 119 151
2174000 110 120 119.82 151
2175000 110 120 120 151
2176000 110 120 120 151
2177000 110 120 120 151
2178000 110 120 120 151
2179000 110 120 120 151
2180000 110 120 120 151
2181000 110 120 120 151
2182000 110 120 120 151.21
2183000 110 120 120 152
2184000 110 120 120 152
2185000 110 120 120 152
2186000 110 120 120 152
2187000 110 120 120 152
2188000 110 120 120 152
2189000 110 120 120 152
2190000 110 120 120 152
2191000 110 120 120 152.9
2192000 110 120 120 153
2193000 110 120 120 153
2194000 110 120 120 153
2195000 110 120 120 153
2196000 110 120 120 153
2197000 110 120 120 153.05
2198000 110 120 120 154
2199000 110 120 120 154
2200000 110 120 120 154
2201000 110 120 120 154
2202000 110 120 120 154
2203000 110 120 120 154
2204000 110 120 120 154
2205000 110 120 120 154
2206000 110 120 120 154
2207000 110 120 120 154
2208000 110 120 120 154
2209000 110 120 120 154
2210000 110 120 120 154
2211000 110 120 120 154
2212000 110 120 120 154
2213000 110 120 120 154
2214000 110 120 120 154
2215000 110 120 120 154
2216000 110 120 120 154
2217000 110 120 120 154
2218000 110 120.13 120 154
2219000 110 121 120 154
2220000 110 121 120 154
2221000 110 121 120 154
2222000 110 121 120 155.17
2223000 110 121 120 156
2224000 110 121 120 156
2225000 110 121 120 156
2226000 110 121 120 156
2227000 110 121 120 156
2228000 110 121 120 156
2229000 110 121.54 120 156.26
2230000 110 122 120 157
2231000 110 122 120 157.17
2232000 110 122 120 158
2233000 110 122 120 158
2234000 110 122 120 158
2235000 110 122 120 158
2236000 110 122 120 158
2237000 110 122 120 158
2238000 110 122.69 120 158
2239000 110 124 120 158
2240000 110 124 120 158.04
2241000 110 124 120 159
2242000 110 124 120 159
2243000 110 124 120 159
2244000 110 124 120 159
2245000 110 124 120.56 159
2246000 110 124 121 160.32
2247000 110.75 124 121 161
2248000 111 124 121 161
2249000 111 124 121 161
2250000 111 124 121 161.94
2251000 111 124 121 162
2252000 111 124 121 162
2253000 111 124 121 162
2254000 111 124 121 162
2255000 111 124 121 162
2256000 111 124 121 162
2257000 111 124 121.88 162
2258000 111 124 122 162
2259000 111 124 122 162
2260000 111 124 122 162
2261000 111 124 122 162.35
2262000 111.91 124 122.55 163
2263000 112 124 123 163
2264000 112 124 123 163
2265000 112 124 123 163
2266000 112 124 123.41 163
2267000 112.5 124 124 163.38
2268000 113 124 124 164
2269000 113 124 124 164
2270000 113 124.32 124 164
2271000 113 125 124 164
2272000 113 125 124 164
2273000 113.3 125 124 164
2274000 114 125 124 164
2275000 114 125 124 164
2276000 114 125 124 164
2277000 114 125 124 164
2278000 114 125 124 164
2279000 114 125.16 124 164
2280000 114 126 124 164
2281000 114 126 124 164
2282000 114 126 124 164
2283000 114 126 124 164.8
2284000 114 126 124 165
2285000 114 126 124 165
2286000 114 126 124 165
2287000 114 126 124 165
2288000 114 126 124 165
2289000 114 126 124 165
2290000 114 126 124 165
2291000 114 126 124 165
2292000 114 126 124 165
2293000 114 126.11 124 165
2294000 114 127 124 165
2295000 114 127 124 165
2296000 114 127 124 165
2297000 114 127 124 165
2298000 114 127 124.19 165
2299000 114 127 125 165.69
2300000 114 127 125 166.16
2301000 114 127.93 125 167
2302000 114 128 125 167
2303000 114.41 128 125 167
2304000 115 128 125 167
2305000 115 128 125 167
2306000 115 128 125 167
2307000 115 128 125 167
2308000 115 128 125 167
2309000 115 128 125 167
2310000 115 128 125 167.92
2311000 115 128 125 168
2312000 115 128 125 168
2313000 115 128 125 168
2314000 115 128 125 168
2315000 115 128 125 168
2316000 115 128 125 168
2317000 115 128 125 168
2318000 115 128 125 168
2319000 115 128 125 168
2320000 115 128 125 168
2321000 115 128 125 168
2322000 115.14 128 125 168
2323000 116 128 125 168
2324000 116 128 125 168
2325000 116 128 125 168
2326000 116 128 125 168
2327000 116 128 125 168
2328000 116 128 125 169.08
2329000 116 128 125 170
2330000 116 128 125 170
2331000 116 128 125 170
2332000 116 129.8 125 170
2333000 116 130 125 170
2334000 116 130 125 170
2335000 116 130 125 170.6
2336000 116 130 125 171
2337000 116.58 130 125 171
2338000 117 130 125 171.17
2339000 117 130 125 172
2340000 117 130 125 172
2341000 117 130 125.92 172
2342000 117 130 126 172.96
2343000 117 130 126 173
2344000 117 130 126 173
2345000 117 130 126 173
2346000 117 130 126 173
2347000 117 130 126 173
2348000 117 130 126 173
2349000 117 130 126 173
2350000 117 130 126 173
2351000 117 130 126 173
2352000 117 130 126 173.66
2353000 117 130 126.8 174
2354000 117 130 127 174
2355000 117 130.41 127 174
2356000 117 131 127 174
2357000 117 131 127 174
2358000 117 131 127 174
2359000 117 131 127 174
2360000 117 131 127 174.14
2361000 117 131 127 175
2362000 117 131.63 127 175
2363000 117 132 127 175.96
2364000 117.57 132 127 176
2365000 118 132 127 176
2366000 118 132 127 176
2367000 118 132 127 176
2368000 118 132 127.43 176
2369000 118 132 128 176
2370000 118 132 128 176
2371000 118 132 128.91 176
2372000 118 132 129 176
2373000 118 132.68 129 176.7
2374000 118 133 129 177
2375000 118 133 129 177
2376000 118 133 129 177
2377000 118 133 129 177
2378000 118 133 129 177
2379000 118 133 129 177
2380000 118 133 129 177
2381000 118 133 129 177
2382000 118 133 129 177
2383000 118 133 129 177
2384000 118 133 129 177
2385000 118 133.03 129 177
2386000 118 134 129 177
2387000 118 134 129 177
2388000 118 134 129 177
2389000 118 134 129 177.42
2390000 118 134 129 178
2391000 118 134 129 178.86
2392000 118 134 129 179
2393000 118 134 129 179
2394000 118 134 129.61 179
2395000 118 134 130 179
2396000 118 134 130 179
2397000 118 134 130 179
2398000 118 134 130 179
2399000 118 134 130 179
2400000 118 134 130 179
2401000 118 134 130 179
2402000 118 134 130 179
2403000 118 134 130 179
2404000 118 134 130 179
2405000 118 134 130.27 179
2406000 118 134 131 179
2407000 118 134 131 179
2408000 118 134 131 179
2409000 118 134 131 179
2410000 118 134 131 179.49
2411000 118 134 131 180
2412000 118 134 131 180
2413000 118 134 131 180
2414000 118 134 131 180
2415000 118 134 131 180
2416000 118 134 131 180.55
2417000 118 134 131 181
2418000 118 134 131 181
2419000 118 134 131 181
2420000 118 134 131 181
2421000 118 134 131.11 181
2422000 118 134 132 181
2423000 118 134 132 181.64
2424000 118 134 132 182.87
2425000 118 134 132 183
2426000 118 134.53 132 183
2427000 118 135 132 183
2428000 118 135 132 183
2429000 118 135 132.95 183
2430000 118 135 133 183
2431000 118 135 133 183
2432000 118 135 133 183
2433000 118 135 133 183
2434000 118 135 133 183
2435000 118 135 133 183
2436000 118.61 135 133 183
2437000 119 135 133 183
2438000 119 135 133 183
2439000 119 135 133 183
2440000 119 135 133 183
2441000 119 135 133 183
2442000 119 135 133 183
2443000 119 135 133 183
2444000 119 135 133 183
2445000 119 135 133 183
2446000 119 135 133 183
2447000 119 135 133 183
2448000 119 135 133 183
2449000 119 135 133 183.08
2450000 119 135 133 184
2451000 119 135 133.49 184.28
2452000 119 135 134 185
2453000 119 135 134 185
2454000 119 135 134 185
2455000 119 135 134.21 185
2456000 119 135 135 185.13
2457000 119 135 135 186.82
2458000 119 135 135 187
2459000 119 135 135 187
2460000 119 135 135 187
2461000 119 135 135 187
2462000 119 135 135 187
2463000 119 135 135 187.26
2464000 119 135 135 188.78
2465000 119 135 135 189
2466000 119 135 135 189
2467000 119 135 135 189
2468000 119 135 135.46 189
2469000 119 135 136 189
2470000 119 135 136 189
2471000 119 135 136 189
2472000 119 135 136 189.22
2473000 119 135 136 190
2474000 119 135.3 136 190
2475000 119.7 136 136 190
2476000 120 136 136 190
2477000 120 136 136 190.74
2478000 120 136 136 191
2479000 120 136 136 191
2480000 120 136 136 191
2481000 120 136 136 191
2482000 120 136 136 191
2483000 120 136 136 191
2484000 120 136 136 191
2485000 120 136 136 191.56
2486000 120 136 136.82 192
2487000 120 136 137 192.01
2488000 120 136 137 193
2489000 120 136 137 193
2490000 120 136 137 193
2491000 120 136 137 193
2492000 120 136 137 193
2493000 120 136 137 193
2494000 120 136.82 137 193
2495000 120 137 137 193
2496000 120 137 137 193
2497000 120 137 137.72 193
2498000 120 137 138 193
2499000 120 137 138 193
2500000 120 137 138.98 193
2501000 120 137 139 193
2502000 120 137 139 193.09
2503000 120 137 139 194
2504000 120 137 139.19 194
2505000 120 137 140 194
2506000 120 137 140 194.02
2507000 120 137 140 195
2508000 120 137 140 195
2509000 120 137 140 195
2510000 120 137 140 195
2511000 120 137 140 195
2512000 120 137 140 195
2513000 120 137 140 195
2514000 120 137 140 195
2515000 120 137 140 195
2516000 120 137 140 195
2517000 120 137 140 195
2518000 120 137 140 195
2519000 120 137 140 195
2520000 120 137 140 195
2521000 120 137 140 195
2522000 120 137 140 195
2523000 120 137 140 195
2524000 120 137 140 195
2525000 120 137 140 195
2526000 120 137 140 195
2527000 120 137 140 196.13
2528000 120 137 140 197.6
2529000 120 137 140 198
2530000 120 137 140 198
2531000 120 137 140.68 198
2532000 120 137 141 198
2533000 120 137 141 198
2534000 120 137 141 198.97
2535000 120 137 141 199.12
2536000 120 137 141 200
2537000 120 137 141 200
2538000 120 137 141 200
2539000 120 137 141 200
2540000 120 137 141 200
2541000 120 137 141 200
2542000 120 137 141 200
2543000 120 137 141 200
2544000 120 137 141 200.23
2545000 120.15 137 141 201
2546000 121 137 141 201
2547000 121 137 141 201
2548000 121 137 141 201
2549000 121 137 141 201
2550000 121 137 141 201
2551000 121 137 141 201
2552000 121 137 141 201
2553000 121 137 141.06 201
2554000 121 137 142 201
2555000 121 137 142 201
2556000 121 137 142 201
2557000 121 137 142 201
2558000 121 137 142 201.13
2559000 121 137 142 202
2560000 121 137 142 202
2561000 121 137 142 202
2562000 121 137 142 202
2563000 121 137 142 202.33
2564000 121 137 142 203
2565000 121 137 142 203
2566000 121 137 142 203
2567000 121 137 142 203
2568000 121 137 142 203
2569000 121 137 142 203
2570000 121 137 142 203
2571000 121 137 142 203
2572000 121 137 142 203
2573000 121 137 142 203
2574000 121 137 142 203
2575000 121 137 142 203
2576000 121 137 142 203
2577000 121 137 142 203
2578000 121 137 142 203
2579000 121 137 142 203
2580000 121 137 142 203
2581000 121 137 142 203
2582000 121 137 142 203
2583000 121 137 142 203
2584000 121 137 142 203
2585000 121 137 142 203
2586000 121 137 142 203
2587000 121 137 142 203
2588000 121 137 142 203
2589000 121 137 142 203
2590000 121 137 142.95 203
2591000 121 137 143 203
2592000 121 137 143 203
2593000 121 137 143 203
2594000 121 137 143 203
2595000 121 137 143 203
2596000 121 137 144 203
2597000 121 137 144 203
2598000 121 137 144 203
2599000 121 137 144 203
2600000 121 137 144 203
2601000 121 137 144 203
2602000 121 137 144 203
2603000 121 137 144 203.15
2604000 121 137 144 204
2605000 121 137 144 204
2606000 121 137 144 204
2607000 121 137 144 204
2608000 121 137 144 204
2609000 121 137 144 204
2610000 121 137 144 204
2611000 121 137 144 204
2612000 121.04 137 144 204
2613000 122 137 144 204
2614000 122 137 144 204
2615000 122 137 144 204
2616000 122 137 144 204
2617000 122 137 144 204
2618000 122 137 144 204
2619000 122 137 144 204
2620000 122 137 144 204
2621000 122 137 144 204
2622000 122.48 137 144.02 204
2623000 123 137 145 204
2624000 123 137 145 204.58
2625000 123 137 145 205
2626000 123 137 145 205
2627000 123 137 145 205
2628000 123 137 145 205
2629000 123 137 145 205
2630000 123 137 145 205
2631000 123 137 145 205
2632000 123 137 145 205
2633000 123 137 145 205
2634000 123 137 145 205
2635000 123 137.95 145.74 205
2636000 123 138 146 205
2637000 123.21 138 146.1 205
2638000 124 138.81 147 205
2639000 124 139 147 205
2640000 124 139 147 205
2641000 124 139 147 205
2642000 124 139 147 205
2643000 124 139 147 205
2644000 124 139 147 205
2645000 124 139 147 205
2646000 124 139 147 205
2647000 124 139 147 205
2648000 124 139 147 205
2649000 124 139 147 205
2650000 124 139 147 205
2651000 124 139 147 205
2652000 124 139 147 205
2653000 124 139 147 205
2654000 124 139 147 205
2655000 124 139.55 147 205
2656000 124 140 147 205
2657000 124 140 147 205
2658000 124 140 147 205
2659000 124 140 147 205
2660000 124 140 147 205
2661000 124 140 147 205
2662000 124 140 147 206.1
2663000 124 140 147 207
2664000 124 140 147 207.62
2665000 124 140 147 208
2666000 124 140 147 208
2667000 124 140 147 208
2668000 124 140 147 208
2669000 124 140 147 208
2670000 124 140 147 208
2671000 124 140 147 208
2672000 124 140 147 208
2673000 124 140 147 208
2674000 124 140 147 208
2675000 124 140 147 208
2676000 124 140 147 208
2677000 124 140 147 208
2678000 124 140 147 208
2679000 124 140.38 147 208
2680000 124 141 147 208
2681000 124 141 147 208
2682000 124 141 147 208
2683000 124 141 147 208
2684000 124 141 147 208
2685000 124 141 147 208
2686000 124 141 147 208
2687000 124 141 147 208.13
2688000 124 141 147 209
2689000 124 141.58 147 209
2690000 124 142 147 209
2691000 124 142 147 209.3
2692000 124 142 147 210
2693000 124 142 147 210
2694000 124 142 147 210
2695000 124 142 147 210
2696000 124 142 147 210
2697000 124 142 147 210
2698000 124 142 147 210
2699000 124 142 147 210
2700000 124 142 147 210
2701000 124 142 147 210
2702000 124.47 142 147 210
2703000 125 142 147 210
2704000 125 142 147 210
2705000 125 142 147 210
2706000 125 142 147 210
2707000 125 142 147 210
2708000 125 142 147 210
2709000 125 142 147 210
2710000 125 142 147 210
2711000 125 142 147 210.16
2712000 125 142 147 211
2713000 125 142 147 211
2714000 125 142 147 211
2715000 125 142 147 211
2716000 125 142 147.98 211
2717000 125 142 148.9 211
2718000 125 142.36 149 211
2719000 125.04 143 149 211.19
2720000 126 143.43 149 212
2721000 126 144 149 212
2722000 126 144 149 212
2723000 126 144 149 212
2724000 126 144 149 212
2725000 126.65 144 149 212
2726000 127 144 149 212
2727000 127 144 149 212
2728000 127 144 149 212
2729000 127 144 149 212
2730000 127 144 149 212
2731000 127 144 149 212
2732000 127 144 149 212
2733000 127 144 149 212
2734000 127 144 149 212
2735000 127 144 149 212
2736000 127 144 149 212
2737000 127 144 149 212
2738000 127 144 149 212
2739000 127 144 149 212
2740000 127.49 144 149 212
2741000 128 144 149 212
2742000 128 144 149 212
2743000 128 144 149.31 212
2744000 128 144 150 212
2745000 128 144 150 212
2746000 128 144 150 212
2747000 128 144 150 212
2748000 128.58 144 150 212
2749000 129.46 144.64 150 212
2750000 130 145 150 212
2751000 130 145 150 212.88
2752000 130 145 150 213
2753000 130 145 150 213
2754000 130 145 150 213
2755000 130 145 150 213
2756000 130 145 150 213
2757000 130 145 150 213
2758000 130 145 150 213
2759000 130 145 150 213
2760000 130 145 150 213
2761000 130 145 150 213
2762000 130.05 145 150 213
2763000 131 145 150 213
2764000 131 145.38 150 213.88
2765000 131 146 150 214
2766000 131 146 150 214
2767000 131 146 150 214
2768000 131 146 150 214
2769000 131 146 150 214
2770000 131 146.22 150 214
2771000 131 147 150 214
2772000 131 147 150 214
2773000 131 147 150 214
2774000 131 147 150 214
2775000 131 147 150 214
2776000 131 147 150 214
2777000 131 147 150 214
2778000 131 147 150 214
2779000 131 147 150 214
2780000 131 147 150 214
2781000 131 147 150 214
2782000 131 147 150.39 214
2783000 131 147 151 214
2784000 131 147 151 214.3
2785000 131 147 151 215
2786000 131 147 151 215
2787000 131 147 151 215
2788000 131 147 151 215
2789000 131 147 151 215
2790000 131 147 151 215
2791000 131 147 151 215
2792000 131 147 151 215
2793000 131 147 151 215
2794000 131 147 151 215
2795000 131 147 151 215
2796000 131 147 151 215.12
2797000 131 147 151 216
2798000 131 147 151 216
2799000 131 147 151 216
2800000 131 147 151 216
2801000 131 147 151 216
2802000 131 147 151.57 216
2803000 131 147 152 216
2804000 131 147 152 216
2805000 131 147 152 216.82
2806000 131 147 152 217.46
2807000 131 147 152 218
2808000 131 147 152 218
2809000 131 147 152 218
2810000 131 147 152 218
2811000 131 147 152 218
2812000 131 147 152 218
2813000 131 147 152 218
2814000 131.32 147 152 218.45
2815000 132 147.91 152.8 219
2816000 132 148 153 219
2817000 132 148 153 219
2818000 132 148 153 219
2819000 132 148 153 219
2820000 132 148 153 219
2821000 132 148 153 219
2822000 132 148 153 219
2823000 132 148 153 219
2824000 132 148 153 219
2825000 132 148 153 219.81
2826000 132 148 153 220
2827000 132 148 153 220
