# Time-averaged data for fix myfixR2
# TimeStep c_R2[0]
101000 21.3223
102000 21.3031
103000 21.2829
104000 21.2548
105000 21.2411
106000 21.1947
107000 21.2196
108000 21.15
109000 21.0808
110000 21.0027
111000 20.9934
112000 21.0588
113000 21.087
114000 21.1701
115000 21.2433
116000 21.302
117000 21.2833
118000 21.1995
119000 21.1017
120000 21.0615
121000 21.0146
122000 20.9892
123000 20.9149
124000 20.8103
125000 20.7642
126000 20.7726
127000 20.7582
128000 20.7256
129000 20.6931
130000 20.6474
131000 20.5563
132000 20.4355
133000 20.3979
134000 20.3426
135000 20.3435
136000 20.3881
137000 20.4298
138000 20.3974
139000 20.3711
140000 20.3407
141000 20.3337
142000 20.2996
143000 20.2714
144000 20.3137
145000 20.3003
146000 20.278
147000 20.3154
148000 20.3301
149000 20.2133
150000 20.1714
151000 20.2114
152000 20.1838
153000 20.1197
154000 20.0975
155000 20.0795
156000 19.9918
157000 19.9749
158000 20.0061
159000 20.049
160000 20.0141
161000 19.9702
162000 19.9448
163000 19.9111
164000 19.8929
165000 19.8796
166000 19.8303
167000 19.7809
168000 19.6552
169000 19.5519
170000 19.5378
171000 19.5238
172000 19.5338
173000 19.5546
174000 19.5388
175000 19.5307
176000 19.507
177000 19.4962
178000 19.4857
179000 19.4436
180000 19.4777
181000 19.5905
182000 19.6483
183000 19.6609
184000 19.6956
185000 19.7129
186000 19.6774
187000 19.6886
188000 19.7472
189000 19.8461
190000 19.9217
191000 19.9075
192000 19.8335
193000 19.768
194000 19.6718
195000 19.6351
196000 19.583
197000 19.5233
198000 19.4354
199000 19.4084
200000 19.4285
201000 19.4286
202000 19.4954
203000 19.5891
204000 19.6279
205000 19.5735
206000 19.4488
207000 19.3459
208000 19.3418
209000 19.396
210000 19.3766
211000 19.3858
212000 19.3895
213000 19.4338
214000 19.4679
215000 19.4115
216000 19.2987
217000 19.1834
218000 19.138
219000 19.1036
220000 19.0929
221000 19.0975
222000 19.1949
223000 19.3041
224000 19.2704
225000 19.1974
226000 19.2183
227000 19.2272
228000 19.2259
229000 19.2615
230000 19.2949
231000 19.3222
232000 19.2925
233000 19.2683
234000 19.2088
235000 19.186
236000 19.2189
237000 19.2404
238000 19.2487
239000 19.3129
240000 19.3846
241000 19.4309
242000 19.436
243000 19.3909
244000 19.3512
245000 19.285
246000 19.1613
247000 19.1829
248000 19.245
249000 19.3172
250000 19.2996
251000 19.2469
252000 19.217
253000 19.1649
254000 19.1176
255000 19.0821
256000 19.0305
257000 18.9838
258000 18.9207
259000 18.8973
260000 18.9791
261000 18.994
262000 19.0074
263000 19.0288
264000 19.1369
265000 19.2439
266000 19.2446
267000 19.267
268000 19.3011
269000 19.2196
270000 19.1772
271000 19.1666
272000 19.2024
273000 19.2062
274000 19.2189
275000 19.2507
276000 19.2219
277000 19.2436
278000 19.2344
279000 19.2193
280000 19.2424
281000 19.2123
282000 19.1586
283000 19.1578
284000 19.1446
285000 19.1854
286000 19.1962
287000 19.2213
288000 19.2577
289000 19.2817
290000 19.2703
291000 19.2068
292000 19.1315
293000 19.1662
294000 19.2362
295000 19.3037
296000 19.3599
297000 19.3807
298000 19.4137
299000 19.4442
300000 19.4491
301000 19.3716
302000 19.3183
303000 19.3082
304000 19.2341
305000 19.2139
306000 19.1911
307000 19.1582
308000 19.0789
309000 18.9822
310000 18.9298
311000 18.9473
312000 18.979
313000 18.96
314000 18.882
315000 18.8735
316000 19.0109
317000 19.1185
318000 19.1181
319000 19.0778
320000 19.0783
321000 19.1131
322000 19.1532
323000 19.2354
324000 19.2957
325000 19.3551
326000 19.4261
327000 19.4701
328000 19.4836
329000 19.4491
330000 19.5315
331000 19.5917
332000 19.5445
333000 19.4827
334000 19.4837
335000 19.5025
336000 19.4855
337000 19.4171
338000 19.386
339000 19.44
340000 19.4825
341000 19.4361
342000 19.3603
343000 19.3353
344000 19.3733
345000 19.4314
346000 19.4271
347000 19.447
348000 19.5455
349000 19.5488
350000 19.4406
351000 19.3163
352000 19.181
353000 19.0856
354000 19.049
355000 18.9616
356000 18.9484
357000 18.9714
358000 18.9342
359000 18.9974
360000 19.1161
361000 19.0944
362000 19.0443
363000 18.9639
364000 18.888
365000 18.7787
366000 18.7272
367000 18.7335
368000 18.7881
369000 18.8619
370000 18.8941
371000 18.8621
372000 18.8239
373000 18.7708
374000 18.7538
375000 18.7879
376000 18.8146
377000 18.7701
378000 18.637
379000 18.5901
380000 18.5509
381000 18.613
382000 18.6671
383000 18.6817
384000 18.6569
385000 18.5682
386000 18.5905
387000 18.6229
388000 18.5699
389000 18.5187
390000 18.4604
391000 18.4697
392000 18.5965
393000 18.6845
394000 18.7181
395000 18.6983
396000 18.6509
397000 18.6257
398000 18.6304
399000 18.6174
400000 18.5774
401000 18.4939
402000 18.4723
403000 18.5014
404000 18.5295
405000 18.5865
406000 18.6606
407000 18.739
408000 18.7317
409000 18.6514
410000 18.5811
411000 18.5589
412000 18.5936
413000 18.6503
414000 18.6851
415000 18.7854
416000 18.9003
417000 18.99
418000 19.0657
419000 19.1031
420000 19.1169
421000 19.1302
422000 19.1608
423000 19.1436
424000 19.11
425000 19.0211
426000 18.8873
427000 18.8391
428000 18.7961
429000 18.7646
430000 18.7678
431000 18.7552
432000 18.7456
433000 18.7235
434000 18.663
435000 18.6461
436000 18.6546
437000 18.6401
438000 18.6272
439000 18.6386
440000 18.6701
441000 18.6498
442000 18.6071
443000 18.5218
444000 18.4009
445000 18.3491
446000 18.2824
447000 18.1511
448000 18.0419
449000 17.9521
450000 17.8759
451000 17.8611
452000 17.8621
453000 17.8219
454000 17.8195
455000 17.8399
456000 17.7991
457000 17.7325
458000 17.6801
459000 17.5875
460000 17.4898
461000 17.4139
462000 17.3322
463000 17.3049
464000 17.3503
465000 17.3765
466000 17.3592
467000 17.3891
468000 17.391
469000 17.2962
470000 17.2572
471000 17.2986
472000 17.3242
473000 17.356
474000 17.2737
475000 17.1613
476000 17.1096
477000 17.0968
478000 17.0385
479000 16.919
480000 16.7462
481000 16.6756
482000 16.6944
483000 16.6908
484000 16.6609
485000 16.6058
486000 16.5826
487000 16.5613
488000 16.5901
489000 16.6426
490000 16.6062
491000 16.5325
492000 16.4515
493000 16.2685
494000 16.1471
495000 16.0957
496000 16.0278
497000 16.0249
498000 16.0352
499000 16.0479
500000 16.0329
501000 16.0272
502000 16.0173
503000 16.0849
504000 16.1413
505000 16.1921
506000 16.2784
507000 16.3003
508000 16.2402
509000 16.2173
510000 16.2057
511000 16.1987
512000 16.1582
513000 16.0734
514000 16.0931
515000 16.1421
516000 16.1738
517000 16.2265
518000 16.2031
519000 16.19
520000 16.1828
521000 16.1773
522000 16.1829
523000 16.1739
524000 16.1854
525000 16.2507
526000 16.2184
527000 16.1536
528000 16.1339
529000 16.1134
530000 16.0446
531000 15.9672
532000 15.8802
533000 15.8084
534000 15.7348
535000 15.6899
536000 15.7133
537000 15.7776
538000 15.8195
539000 15.7851
540000 15.7251
541000 15.7248
542000 15.6778
543000 15.6197
544000 15.5833
545000 15.6476
546000 15.7132
547000 15.7563
548000 15.7357
549000 15.6766
550000 15.632
551000 15.665
552000 15.6919
553000 15.649
554000 15.636
555000 15.6071
556000 15.5703
557000 15.5117
558000 15.3603
559000 15.243
560000 15.2737
561000 15.3662
562000 15.423
563000 15.487
564000 15.5625
565000 15.5905
566000 15.5788
567000 15.5334
568000 15.5549
569000 15.5491
570000 15.5059
571000 15.4942
572000 15.4417
573000 15.3456
574000 15.2366
575000 15.1324
576000 15.1153
577000 15.1319
578000 15.1762
579000 15.2445
580000 15.3124
581000 15.3185
582000 15.3006
583000 15.2736
584000 15.2989
585000 15.3184
586000 15.3407
587000 15.3542
588000 15.3032
589000 15.2252
590000 15.158
591000 15.1407
592000 15.1368
593000 15.1512
594000 15.1745
595000 15.1511
596000 15.0836
597000 14.9537
598000 14.9523
599000 14.9809
600000 14.9409
601000 14.8978
602000 14.8491
603000 14.8336
604000 14.7728
605000 14.6674
606000 14.5846
607000 14.5367
608000 14.5204
609000 14.4418
610000 14.3322
611000 14.2383
612000 14.1398
613000 14.0254
614000 14.0041
615000 14.0744
616000 14.1535
617000 14.1682
618000 14.148
619000 14.0792
620000 14.0091
621000 13.9337
622000 13.897
623000 13.8304
624000 13.7898
625000 13.7877
626000 13.7924
627000 13.8157
628000 13.8823
629000 13.9683
630000 14.0462
631000 14.1135
632000 14.1221
633000 14.1281
634000 14.1221
635000 14.1083
636000 14.1477
637000 14.1715
638000 14.191
639000 14.2401
640000 14.2639
641000 14.3103
642000 14.3519
643000 14.3596
644000 14.3316
645000 14.2839
646000 14.2365
647000 14.2811
648000 14.3334
649000 14.2988
650000 14.2329
651000 14.2015
652000 14.265
653000 14.2455
654000 14.2418
655000 14.2408
656000 14.2453
657000 14.1894
658000 14.0668
659000 14.0498
660000 14.0736
661000 14.0635
662000 14.0029
663000 13.9558
664000 13.8948
665000 13.8435
666000 13.8607
667000 13.9211
668000 13.9452
669000 13.907
670000 13.8605
671000 13.8649
672000 13.9245
673000 13.9513
674000 13.9793
675000 13.9573
676000 13.9174
677000 13.8266
678000 13.7677
679000 13.786
680000 13.7691
681000 13.6496
682000 13.5105
683000 13.3933
684000 13.3772
685000 13.4041
686000 13.4583
687000 13.5363
688000 13.5185
689000 13.4919
690000 13.4807
691000 13.4881
692000 13.4915
693000 13.4979
694000 13.491
695000 13.4598
696000 13.4713
697000 13.4654
698000 13.5086
699000 13.5588
700000 13.5229
701000 13.5372
702000 13.5461
703000 13.5633
704000 13.5582
705000 13.5902
706000 13.5232
707000 13.474
708000 13.4381
709000 13.37
710000 13.2431
711000 13.1416
712000 13.1667
713000 13.2181
714000 13.2009
715000 13.0833
716000 12.9705
717000 12.8758
718000 12.7901
719000 12.7669
720000 12.7611
721000 12.6838
722000 12.6607
723000 12.6385
724000 12.624
725000 12.7087
726000 12.7393
727000 12.6942
728000 12.6386
729000 12.6063
730000 12.5767
731000 12.5203
732000 12.499
733000 12.4144
734000 12.2771
735000 12.284
736000 12.3098
737000 12.3967
738000 12.4696
739000 12.4929
740000 12.4555
741000 12.4542
742000 12.4917
743000 12.5024
744000 12.4975
745000 12.4751
746000 12.4761
747000 12.4916
748000 12.5673
749000 12.674
750000 12.7435
751000 12.7581
752000 12.678
753000 12.5826
754000 12.5566
755000 12.5857
756000 12.6829
757000 12.7327
758000 12.7389
759000 12.735
760000 12.7074
761000 12.6794
762000 12.7427
763000 12.7626
764000 12.7601
765000 12.7748
766000 12.7718
767000 12.7386
768000 12.6269
769000 12.5233
770000 12.4476
771000 12.4427
772000 12.4423
773000 12.4752
774000 12.5189
775000 12.5198
776000 12.5269
777000 12.4283
778000 12.334
779000 12.331
780000 12.2753
781000 12.2428
782000 12.2349
783000 12.2048
784000 12.1238
785000 12.1077
786000 12.0343
787000 12.0172
788000 11.9496
789000 11.815
790000 11.6979
791000 11.644
792000 11.6584
793000 11.5862
794000 11.5047
795000 11.3861
796000 11.3437
797000 11.3275
798000 11.3139
799000 11.2852
800000 11.3079
801000 11.3493
802000 11.3096
803000 11.3167
804000 11.386
805000 11.4456
806000 11.4876
807000 11.5103
808000 11.5722
809000 11.5713
810000 11.5319
811000 11.5375
812000 11.4985
813000 11.4765
814000 11.4609
815000 11.4204
816000 11.312
817000 11.2593
818000 11.2729
819000 11.2406
820000 11.1971
821000 11.2255
822000 11.3635
823000 11.5066
824000 11.6152
825000 11.6541
826000 11.7191
827000 11.7898
828000 11.7728
829000 11.7557
830000 11.7835
831000 11.8761
832000 11.8886
833000 11.8132
834000 11.7657
835000 11.8153
836000 11.9053
837000 11.9299
838000 11.8942
839000 11.91
840000 11.9197
841000 11.9112
842000 11.8884
843000 11.9005
844000 11.9367
845000 11.9431
846000 11.928
847000 11.9445
848000 11.9145
849000 11.8293
850000 11.8368
851000 11.8391
852000 11.8724
853000 11.8968
854000 11.9077
855000 11.8699
856000 11.8651
857000 11.8237
858000 11.76
859000 11.6925
860000 11.6653
861000 11.7093
862000 11.7455
863000 11.7279
864000 11.6735
865000 11.6482
866000 11.7331
867000 11.7591
868000 11.7177
869000 11.6816
870000 11.6266
871000 11.6274
872000 11.6719
873000 11.7489
874000 11.8475
875000 11.8718
876000 11.9483
877000 12.0214
878000 12.0016
879000 11.9331
880000 11.7961
881000 11.6563
882000 11.5767
883000 11.5692
884000 11.5746
885000 11.5036
886000 11.4025
887000 11.3389
888000 11.3833
889000 11.3281
890000 11.3309
891000 11.359
892000 11.3506
893000 11.4125
894000 11.5444
895000 11.6562
896000 11.6837
897000 11.6266
898000 11.5727
899000 11.5089
900000 11.4066
901000 11.3994
902000 11.4203
903000 11.4148
904000 11.3803
905000 11.3639
906000 11.4426
907000 11.5459
908000 11.5915
909000 11.6195
910000 11.638
911000 11.649
912000 11.6033
913000 11.5935
914000 11.5472
915000 11.4418
916000 11.4109
917000 11.4009
918000 11.3549
919000 11.3395
920000 11.2735
921000 11.1809
922000 11.1957
923000 11.2184
924000 11.2976
925000 11.3825
926000 11.3996
927000 11.3814
928000 11.3973
929000 11.3774
930000 11.2971
931000 11.2659
932000 11.2814
933000 11.2872
934000 11.3151
935000 11.3559
936000 11.3854
937000 11.4397
938000 11.3969
939000 11.319
940000 11.3151
941000 11.3727
942000 11.424
943000 11.3867
944000 11.2781
945000 11.2051
946000 11.2707
947000 11.2702
948000 11.1991
949000 11.1361
950000 11.1149
951000 11.1066
952000 11.1005
953000 11.0828
954000 11.0597
955000 10.9894
956000 10.9235
957000 10.8414
958000 10.8086
959000 10.8141
960000 10.8412
961000 10.8736
962000 10.8857
963000 10.8648
964000 10.8423
965000 10.8269
966000 10.8395
967000 10.8643
968000 10.9144
969000 10.9549
970000 11.0101
971000 11.03
972000 11.1244
973000 11.1673
974000 11.1504
975000 11.1209
976000 11.0657
977000 10.9703
978000 10.8267
979000 10.7001
980000 10.61
981000 10.6117
982000 10.6114
983000 10.567
984000 10.5992
985000 10.5917
986000 10.5025
987000 10.4537
988000 10.3384
989000 10.2326
990000 10.2142
991000 10.2411
992000 10.2462
993000 10.2777
994000 10.3094
995000 10.2607
996000 10.1897
997000 10.163
998000 10.2205
999000 10.3065
1000000 10.3496
1001000 10.3491
1002000 10.3953
1003000 10.4191
1004000 10.3941
1005000 10.3428
1006000 10.1952
1007000 10.079
1008000 10.0146
1009000 10.0102
1010000 10.028
1011000 10.0385
1012000 9.96292
1013000 9.79132
1014000 9.72692
1015000 9.72059
1016000 9.75169
1017000 9.74865
1018000 9.72361
1019000 9.61805
1020000 9.49066
1021000 9.44528
1022000 9.38315
1023000 9.32065
1024000 9.26805
1025000 9.19445
1026000 9.1179
1027000 9.08664
1028000 9.10501
1029000 9.1046
1030000 9.17483
1031000 9.19962
1032000 9.21241
1033000 9.25693
1034000 9.29834
1035000 9.29907
1036000 9.25344
1037000 9.1855
1038000 9.16065
1039000 9.17482
1040000 9.1456
1041000 9.15084
1042000 9.18386
1043000 9.26805
1044000 9.31662
1045000 9.35952
1046000 9.36992
1047000 9.37247
1048000 9.31886
1049000 9.25197
1050000 9.23099
1051000 9.2879
1052000 9.33024
1053000 9.38534
1054000 9.44815
1055000 9.46387
1056000 9.49252
1057000 9.56222
1058000 9.61192
1059000 9.61793
1060000 9.59958
1061000 9.54963
1062000 9.47401
1063000 9.36938
1064000 9.23175
1065000 9.14425
1066000 9.17711
1067000 9.25231
1068000 9.2645
1069000 9.25029
1070000 9.18452
1071000 9.16867
1072000 9.11952
1073000 9.07109
1074000 9.02167
1075000 8.96931
1076000 8.92089
1077000 8.87829
1078000 8.84021
1079000 8.82501
1080000 8.87387
1081000 8.897
1082000 8.92161
1083000 8.98703
1084000 9.04701
1085000 9.0999
1086000 9.11241
1087000 9.09947
1088000 9.03688
1089000 9.04097
1090000 9.07483
1091000 9.04579
1092000 9.08158
1093000 9.11103
1094000 9.1258
1095000 9.21281
1096000 9.36769
1097000 9.47994
1098000 9.54158
1099000 9.61958
1100000 9.59378
1101000 9.52064
1102000 9.49968
1103000 9.53829
1104000 9.54932
1105000 9.54776
1106000 9.5572
1107000 9.55627
1108000 9.48365
1109000 9.43094
1110000 9.40149
1111000 9.40633
1112000 9.41052
1113000 9.37382
1114000 9.34922
1115000 9.33645
1116000 9.30157
1117000 9.2381
1118000 9.19148
1119000 9.11359
1120000 9.08054
1121000 9.04479
1122000 9.03503
1123000 9.05797
1124000 9.12789
1125000 9.16056
1126000 9.19746
1127000 9.20734
1128000 9.19151
1129000 9.18473
1130000 9.2363
1131000 9.24517
1132000 9.26388
1133000 9.365
1134000 9.36723
1135000 9.38139
1136000 9.3905
1137000 9.41005
1138000 9.40387
1139000 9.41239
1140000 9.40662
1141000 9.35615
1142000 9.31932
1143000 9.27913
1144000 9.26327
1145000 9.20256
1146000 9.04438
1147000 8.9311
1148000 8.89755
1149000 8.87901
1150000 8.87949
1151000 8.87759
1152000 8.82499
1153000 8.82931
1154000 8.79435
1155000 8.74052
1156000 8.76569
1157000 8.75312
1158000 8.73682
1159000 8.63322
1160000 8.56232
1161000 8.4771
1162000 8.47205
1163000 8.43833
1164000 8.3976
1165000 8.3191
1166000 8.23584
1167000 8.14582
1168000 8.05723
1169000 8.09055
1170000 8.14636
1171000 8.20501
1172000 8.19348
1173000 8.22005
1174000 8.12739
1175000 8.09417
1176000 8.07989
1177000 8.0989
1178000 8.08836
1179000 8.06401
1180000 7.98505
1181000 7.97652
1182000 7.98623
1183000 8.01766
1184000 8.04212
1185000 8.05401
1186000 8.09717
1187000 8.14834
1188000 8.15463
1189000 8.17996
1190000 8.26453
1191000 8.33856
1192000 8.39666
1193000 8.4389
1194000 8.41089
1195000 8.43191
1196000 8.45981
1197000 8.4585
1198000 8.46531
1199000 8.53933
1200000 8.60957
1201000 8.58669
1202000 8.59962
1203000 8.62137
1204000 8.67555
1205000 8.74001
1206000 8.81331
1207000 8.92688
1208000 8.92406
1209000 8.86508
1210000 8.80143
1211000 8.7178
1212000 8.70562
1213000 8.68508
1214000 8.68508
1215000 8.73222
1216000 8.79612
1217000 8.83218
1218000 8.79942
1219000 8.72027
1220000 8.70846
1221000 8.75332
1222000 8.75549
1223000 8.70088
1224000 8.60339
1225000 8.53069
1226000 8.52021
1227000 8.52689
1228000 8.50656
1229000 8.4932
1230000 8.48953
1231000 8.4268
1232000 8.34909
1233000 8.18357
1234000 8.06176
1235000 8.02875
1236000 8.02938
1237000 7.97249
1238000 7.94927
1239000 7.8494
1240000 7.75928
1241000 7.66021
1242000 7.57509
1243000 7.55234
1244000 7.62317
1245000 7.65136
1246000 7.69292
1247000 7.744
1248000 7.7398
1249000 7.74043
1250000 7.79132
1251000 7.71217
1252000 7.66295
1253000 7.66164
1254000 7.65552
1255000 7.61863
1256000 7.53391
1257000 7.44382
1258000 7.36055
1259000 7.27945
1260000 7.20554
1261000 7.24798
1262000 7.31014
1263000 7.34584
1264000 7.37697
1265000 7.3294
1266000 7.2631
1267000 7.27312
1268000 7.30586
1269000 7.27188
1270000 7.25081
1271000 7.25541
1272000 7.2226
1273000 7.17772
1274000 7.10692
1275000 7.06934
1276000 7.04328
1277000 7.02222
1278000 6.99166
1279000 6.94503
1280000 6.8846
1281000 6.76323
1282000 6.69569
1283000 6.59493
1284000 6.60362
1285000 6.61291
1286000 6.57941
1287000 6.52954
1288000 6.49394
1289000 6.4794
1290000 6.42263
1291000 6.40527
1292000 6.43834
1293000 6.4903
1294000 6.58431
1295000 6.53581
1296000 6.48876
1297000 6.4966
1298000 6.48536
1299000 6.46838
1300000 6.39547
1301000 6.31351
1302000 6.31758
1303000 6.38946
1304000 6.46032
1305000 6.52384
1306000 6.60091
1307000 6.53817
1308000 6.42394
1309000 6.38586
1310000 6.40272
1311000 6.39317
1312000 6.3925
1313000 6.37006
1314000 6.36214
1315000 6.28652
1316000 6.23452
1317000 6.14926
1318000 6.08448
1319000 6.03723
1320000 5.95347
1321000 5.88884
1322000 5.90006
1323000 5.92245
1324000 5.97432
1325000 6.04696
1326000 6.11586
1327000 6.14158
1328000 6.10633
1329000 5.99041
1330000 5.92808
1331000 5.88844
1332000 5.92032
1333000 5.93667
1334000 5.84491
1335000 5.78451
1336000 5.6843
1337000 5.67029
1338000 5.6656
1339000 5.65148
1340000 5.65219
1341000 5.64509
1342000 5.70959
1343000 5.79741
1344000 5.79694
1345000 5.84352
1346000 5.86537
1347000 5.93949
1348000 5.95996
1349000 5.9475
1350000 5.93758
1351000 5.91677
1352000 5.79803
1353000 5.74346
1354000 5.74399
1355000 5.74173
1356000 5.75
1357000 5.75354
1358000 5.7867
1359000 5.87993
1360000 5.97258
1361000 6.08095
1362000 6.15945
1363000 6.20437
1364000 6.16393
1365000 6.14038
1366000 6.06077
1367000 6.00387
1368000 5.99066
1369000 5.89276
1370000 5.74176
1371000 5.65272
1372000 5.63019
1373000 5.69081
1374000 5.76717
1375000 5.90892
1376000 6.02118
1377000 6.02654
1378000 5.94396
1379000 5.85227
1380000 5.79829
1381000 5.69845
1382000 5.612
1383000 5.58394
1384000 5.53244
1385000 5.53328
1386000 5.52385
1387000 5.58297
1388000 5.67734
1389000 5.64513
1390000 5.57126
1391000 5.53119
1392000 5.51101
1393000 5.5513
1394000 5.5355
1395000 5.45783
1396000 5.44287
1397000 5.43121
1398000 5.40298
1399000 5.41429
1400000 5.4389
1401000 5.45829
1402000 5.41664
1403000 5.36952
1404000 5.40589
1405000 5.48024
1406000 5.52502
1407000 5.62117
1408000 5.62912
1409000 5.68388
1410000 5.79061
1411000 5.84709
1412000 5.86619
1413000 5.80764
1414000 5.71678
1415000 5.67151
1416000 5.64176
1417000 5.59907
1418000 5.63986
1419000 5.76235
1420000 5.80007
1421000 5.79443
1422000 5.79837
1423000 5.80985
1424000 5.7994
1425000 5.81606
1426000 5.86549
1427000 5.9169
1428000 5.93201
1429000 5.90872
1430000 5.89982
1431000 5.89433
1432000 5.92399
1433000 5.95449
1434000 5.98896
1435000 6.02558
1436000 6.0472
1437000 5.96718
1438000 5.90413
1439000 5.85303
1440000 5.78287
1441000 5.71638
1442000 5.64696
1443000 5.61206
1444000 5.63347
1445000 5.63661
1446000 5.61901
1447000 5.66757
1448000 5.65711
1449000 5.66295
1450000 5.66304
1451000 5.6708
1452000 5.71503
1453000 5.69522
1454000 5.65828
1455000 5.5811
1456000 5.50689
1457000 5.44491
1458000 5.41875
1459000 5.49161
1460000 5.56156
1461000 5.67036
1462000 5.65176
1463000 5.66935
1464000 5.57857
1465000 5.51394
1466000 5.4821
1467000 5.51211
1468000 5.56633
1469000 5.54812
1470000 5.52779
1471000 5.53384
1472000 5.5103
1473000 5.50944
1474000 5.49585
1475000 5.40516
1476000 5.30231
1477000 5.32775
1478000 5.34077
1479000 5.39725
1480000 5.5096
1481000 5.57434
1482000 5.57175
1483000 5.52557
1484000 5.48726
1485000 5.47053
1486000 5.40684
1487000 5.33774
1488000 5.29222
1489000 5.30228
1490000 5.27381
1491000 5.25944
1492000 5.42481
1493000 5.49409
1494000 5.43057
1495000 5.50798
1496000 5.6401
1497000 5.7082
1498000 5.74628
1499000 5.82259
1500000 5.89917
1501000 5.88643
1502000 5.95426
1503000 5.99335
1504000 5.96695
1505000 5.96255
1506000 6.02696
1507000 6.06515
1508000 6.15393
1509000 6.16413
1510000 6.2085
1511000 6.19566
1512000 6.14348
1513000 6.13492
1514000 6.15507
1515000 6.145
1516000 6.11503
1517000 6.15139
1518000 6.12772
1519000 6.12318
1520000 6.23193
1521000 6.35114
1522000 6.41518
1523000 6.45029
1524000 6.50032
1525000 6.57509
1526000 6.62797
1527000 6.63228
1528000 6.57516
1529000 6.53893
1530000 6.49156
1531000 6.43108
1532000 6.33767
1533000 6.3045
1534000 6.28626
1535000 6.23717
1536000 6.25349
1537000 6.29685
1538000 6.33705
1539000 6.32927
1540000 6.35548
1541000 6.40025
1542000 6.38384
1543000 6.41143
1544000 6.49053
1545000 6.55831
1546000 6.54676
1547000 6.51082
1548000 6.54495
1549000 6.60969
1550000 6.6567
1551000 6.603
1552000 6.54033
1553000 6.50674
1554000 6.51719
1555000 6.53962
1556000 6.50807
1557000 6.55186
1558000 6.66798
1559000 6.68962
1560000 6.67738
1561000 6.69283
1562000 6.77255
1563000 6.74583
1564000 6.77228
1565000 6.77186
1566000 6.75348
1567000 6.76122
1568000 6.7155
1569000 6.69864
1570000 6.72835
1571000 6.76899
1572000 6.78789
1573000 6.77449
1574000 6.73598
1575000 6.61668
1576000 6.52628
1577000 6.48972
1578000 6.47054
1579000 6.50453
1580000 6.48835
1581000 6.55262
1582000 6.61394
1583000 6.72664
1584000 6.78975
1585000 6.7705
1586000 6.75731
1587000 6.76927
1588000 6.73567
1589000 6.64211
1590000 6.56881
1591000 6.53877
1592000 6.51377
1593000 6.47805
1594000 6.40767
1595000 6.38101
1596000 6.37032
1597000 6.38694
1598000 6.43972
1599000 6.49371
1600000 6.45312
1601000 6.30446
1602000 6.22017
1603000 6.22171
1604000 6.24097
1605000 6.26472
1606000 6.33359
1607000 6.4188
1608000 6.47566
1609000 6.47495
1610000 6.43917
1611000 6.36069
1612000 6.2638
1613000 6.25369
1614000 6.30489
1615000 6.33334
1616000 6.36227
1617000 6.39784
1618000 6.38978
1619000 6.41214
1620000 6.44108
1621000 6.43246
1622000 6.44611
1623000 6.48718
1624000 6.51038
1625000 6.44227
1626000 6.40311
1627000 6.30494
1628000 6.22156
1629000 6.20621
1630000 6.23547
1631000 6.21705
1632000 6.17894
1633000 6.11267
1634000 6.06439
1635000 6.0476
1636000 6.04554
1637000 6.08002
1638000 6.16315
1639000 6.2346
1640000 6.30001
1641000 6.34928
1642000 6.36676
1643000 6.33086
1644000 6.27257
1645000 6.26004
1646000 6.26023
1647000 6.25609
1648000 6.22277
1649000 6.19885
1650000 6.1752
1651000 6.08526
1652000 6.06097
1653000 6.01891
1654000 6.02674
1655000 6.0134
1656000 6.04062
1657000 6.03915
1658000 6.04254
1659000 5.99591
1660000 5.92967
1661000 5.83617
1662000 5.8149
1663000 5.80011
1664000 5.7894
1665000 5.78137
1666000 5.7634
1667000 5.82113
1668000 5.86314
1669000 5.8112
1670000 5.77545
1671000 5.75491
1672000 5.63659
1673000 5.56585
1674000 5.51859
1675000 5.42265
1676000 5.43013
1677000 5.46769
1678000 5.52234
1679000 5.56212
1680000 5.62512
1681000 5.61119
1682000 5.47016
1683000 5.34037
1684000 5.36596
1685000 5.31331
1686000 5.2709
1687000 5.20369
1688000 5.16852
1689000 5.07772
1690000 5.06775
1691000 5.07255
1692000 5.07446
1693000 5.11536
1694000 5.07874
1695000 5.08522
1696000 5.13885
1697000 5.20278
1698000 5.21108
1699000 5.19889
1700000 5.09435
1701000 5.02714
1702000 5.00203
1703000 5.02328
1704000 5.1257
1705000 5.18767
1706000 5.21743
1707000 5.20094
1708000 5.17921
1709000 5.24876
1710000 5.30181
1711000 5.3163
1712000 5.31211
1713000 5.31164
1714000 5.30109
1715000 5.29726
1716000 5.28185
1717000 5.24882
1718000 5.20614
1719000 5.08413
1720000 4.9078
1721000 4.81706
1722000 4.765
1723000 4.67678
1724000 4.60545
1725000 4.57542
1726000 4.55256
1727000 4.49464
1728000 4.42329
1729000 4.4037
1730000 4.40306
1731000 4.47102
1732000 4.53208
1733000 4.57673
1734000 4.65966
1735000 4.75114
1736000 4.78372
1737000 4.70791
1738000 4.55232
1739000 4.39923
1740000 4.29443
1741000 4.22259
1742000 4.20067
1743000 4.14797
1744000 4.10185
1745000 4.12332
1746000 4.17282
1747000 4.11968
1748000 4.04915
1749000 4.02852
1750000 4.02015
1751000 4.10485
1752000 4.17681
1753000 4.21313
1754000 4.15359
1755000 4.09104
1756000 4.0138
1757000 3.94557
1758000 3.94647
1759000 3.88866
1760000 3.80974
1761000 3.81421
1762000 3.86045
1763000 3.85156
1764000 3.85656
1765000 3.84648
1766000 3.81195
1767000 3.72239
1768000 3.66494
1769000 3.65971
1770000 3.57916
1771000 3.54932
1772000 3.65007
1773000 3.67793
1774000 3.62769
1775000 3.64139
1776000 3.71036
1777000 3.72603
1778000 3.72098
1779000 3.69626
1780000 3.79946
1781000 3.81609
1782000 3.76178
1783000 3.72951
1784000 3.75012
1785000 3.74538
1786000 3.69186
1787000 3.65684
1788000 3.62225
1789000 3.5718
1790000 3.55802
1791000 3.49911
1792000 3.50905
1793000 3.62185
1794000 3.65473
1795000 3.58824
1796000 3.55385
1797000 3.56809
1798000 3.58014
1799000 3.56697
1800000 3.54853
1801000 3.52832
1802000 3.51891
1803000 3.4832
1804000 3.43406
1805000 3.36027
1806000 3.3655
1807000 3.41285
1808000 3.46602
1809000 3.39799
1810000 3.27182
1811000 3.21314
1812000 3.16363
1813000 3.10767
1814000 3.05549
1815000 2.95037
1816000 2.90982
1817000 2.84292
1818000 2.88429
1819000 2.89061
1820000 2.8252
1821000 2.7963
1822000 2.81565
1823000 2.86552
1824000 2.93972
1825000 2.96336
1826000 2.99116
1827000 3.02979
1828000 2.9783
1829000 2.87447
1830000 2.82342
1831000 2.85035
1832000 2.84645
1833000 2.81697
1834000 2.8179
1835000 2.8098
1836000 2.77133
1837000 2.69534
1838000 2.6382
1839000 2.64977
1840000 2.70419
1841000 2.77861
1842000 2.87967
1843000 2.87238
1844000 2.89125
1845000 2.93362
1846000 2.97222
1847000 2.95557
1848000 2.92619
1849000 2.8638
1850000 2.83573
1851000 2.80687
1852000 2.73655
1853000 2.7301
1854000 2.74702
1855000 2.69643
1856000 2.62466
1857000 2.59336
1858000 2.63052
1859000 2.59292
1860000 2.54853
1861000 2.57377
1862000 2.58889
1863000 2.58699
1864000 2.58533
1865000 2.63133
1866000 2.64676
1867000 2.61522
1868000 2.67233
1869000 2.77791
1870000 2.75448
1871000 2.72365
1872000 2.7196
1873000 2.68883
1874000 2.67859
1875000 2.63304
1876000 2.66628
1877000 2.6681
1878000 2.66919
1879000 2.60568
1880000 2.55085
1881000 2.46885
1882000 2.36984
1883000 2.26014
1884000 2.20194
1885000 2.14758
1886000 2.1557
1887000 2.21298
1888000 2.34986
1889000 2.39912
1890000 2.48831
1891000 2.52208
1892000 2.47213
1893000 2.50707
1894000 2.58477
1895000 2.60262
1896000 2.59834
1897000 2.6168
1898000 2.62895
1899000 2.59949
1900000 2.60586
1901000 2.64092
1902000 2.53657
1903000 2.4863
1904000 2.4525
1905000 2.41742
1906000 2.43408
1907000 2.43079
1908000 2.40245
1909000 2.40221
1910000 2.40388
1911000 2.4108
1912000 2.38826
1913000 2.35963
1914000 2.28215
1915000 2.26632
1916000 2.24929
1917000 2.19459
1918000 2.21868
1919000 2.21067
1920000 2.21451
1921000 2.17076
1922000 2.20536
1923000 2.25393
1924000 2.29081
1925000 2.23425
1926000 2.17063
1927000 2.1267
1928000 2.17027
1929000 2.15689
1930000 2.14022
1931000 2.16093
1932000 2.13351
1933000 2.14444
1934000 2.16798
1935000 2.14035
1936000 2.1135
1937000 2.1512
1938000 2.10204
1939000 2.10556
1940000 2.26164
1941000 2.36347
1942000 2.32255
1943000 2.2202
1944000 2.18734
1945000 2.05355
1946000 1.96177
1947000 2.01477
1948000 2.12218
1949000 2.19183
1950000 2.17726
1951000 2.09162
1952000 2.06962
1953000 2.09067
1954000 2.11194
1955000 2.13836
1956000 2.0077
1957000 2.0351
1958000 2.10478
1959000 2.12772
1960000 2.15279
1961000 2.13247
1962000 2.19745
1963000 2.26236
1964000 2.33279
1965000 2.414
1966000 2.35658
1967000 2.30176
1968000 2.29723
1969000 2.41464
1970000 2.45842
1971000 2.39922
1972000 2.30807
1973000 2.23827
1974000 2.23155
1975000 2.25026
1976000 2.28807
1977000 2.2572
1978000 2.26453
1979000 2.30428
1980000 2.29911
1981000 2.28779
1982000 2.27137
1983000 2.32637
1984000 2.40211
1985000 2.35812
1986000 2.29742
1987000 2.26932
1988000 2.17009
1989000 2.14781
1990000 2.16273
1991000 2.12887
1992000 2.1416
1993000 2.20079
1994000 2.247
1995000 2.1851
1996000 2.09947
1997000 2.10762
1998000 2.07886
1999000 2.0808
2000000 2.05965
2001000 2.10867
2002000 2.15287
2003000 2.16067
2004000 2.18268
2005000 2.16368
2006000 2.1023
2007000 2.13094
2008000 2.12252
2009000 2.08883
2010000 2.08856
2011000 2.05131
2012000 2.03691
2013000 2.10238
2014000 2.1126
2015000 2.13731
2016000 2.09736
2017000 2.07276
2018000 2.06809
2019000 2.13756
2020000 2.23385
2021000 2.22509
2022000 2.21772
2023000 2.31367
2024000 2.27469
2025000 2.2484
2026000 2.21751
2027000 2.22549
2028000 2.25199
2029000 2.21646
2030000 2.19968
2031000 2.18764
2032000 2.21452
2033000 2.21536
2034000 2.22673
2035000 2.17223
2036000 2.10696
2037000 2.09388
2038000 2.20765
2039000 2.29691
2040000 2.28853
2041000 2.27669
2042000 2.26069
2043000 2.26103
2044000 2.23681
2045000 2.18974
2046000 2.24835
2047000 2.3327
