# Time-averaged data for fix myfixpe
# TimeStep c_pe[0]
101000 113.236
102000 110.653
103000 115.713
104000 107.607
105000 118.896
106000 120.695
107000 111.597
108000 103.94
109000 105.098
110000 102.86
111000 106.896
112000 109.829
113000 109.856
114000 106.757
115000 110.25
116000 99.3533
117000 105.667
118000 104.867
119000 107.44
120000 104.841
121000 109.477
122000 114.216
123000 114.471
124000 112.816
125000 108.921
126000 101.51
127000 108.008
128000 115.539
129000 111.668
130000 99.7071
131000 101.482
132000 103.083
133000 109.658
134000 112.77
135000 111.22
136000 109.958
137000 106.727
138000 109.165
139000 112.205
140000 122.713
141000 109.366
142000 112.412
143000 106.018
144000 110.639
145000 108.604
146000 116.98
147000 107.035
148000 101.686
149000 110.989
150000 114.457
151000 112.362
152000 117.199
153000 101.826
154000 109.535
155000 109.794
156000 116.569
157000 113.85
158000 115.452
159000 117.458
160000 124.718
161000 111.448
162000 109.953
163000 111.146
164000 108.677
165000 104.168
166000 111.669
167000 115.551
168000 112.075
169000 115.172
170000 113.54
171000 106.306
172000 107.424
173000 114.717
174000 115.074
175000 103.47
176000 109.221
177000 108.152
178000 112.442
179000 117.339
180000 108.246
181000 102.76
182000 103.6
183000 106.348
184000 117.348
185000 114.485
186000 105.509
187000 113.473
188000 107.08
189000 115.562
190000 102.382
191000 97.5285
192000 98.1081
193000 111.599
194000 104.22
195000 107.419
196000 110.629
197000 115.439
198000 114.204
199000 106.71
200000 104.273
201000 105.312
202000 103.31
203000 110.594
204000 106.918
205000 110.034
206000 103.464
207000 98.7698
208000 102.611
209000 103.926
210000 107.687
211000 104.717
212000 102.169
213000 111.523
214000 109.611
215000 119.344
216000 105.018
217000 105.556
218000 103.502
219000 113.495
220000 104.725
221000 111.866
222000 98.916
223000 91.3195
224000 102.471
225000 107.319
226000 102.95
227000 91.0294
228000 105.061
229000 102.352
230000 99.7122
231000 113.539
232000 117.337
233000 105.205
234000 112.406
235000 106.806
236000 106.115
237000 106.169
238000 106.507
239000 105.413
240000 113.455
241000 109.628
242000 101.361
243000 113.665
244000 108.763
245000 120.299
246000 112.614
247000 109.447
248000 100.931
249000 98.4901
250000 113.313
251000 104.269
252000 108.211
253000 106.734
254000 103.334
255000 103.206
256000 88.2561
257000 106.399
258000 119.765
259000 110.64
260000 103.953
261000 101.372
262000 96.0378
263000 96.5402
264000 108.663
265000 114.428
266000 112.061
267000 109.952
268000 93.4403
269000 98.6186
270000 103.518
271000 107.337
272000 111.024
273000 107.817
274000 116.144
275000 111.804
276000 101.777
277000 104.67
278000 109.845
279000 111.421
280000 109.538
281000 112.101
282000 112.791
283000 101.87
284000 103.2
285000 102.42
286000 94.228
287000 93.8773
288000 97.847
289000 112.022
290000 111.11
291000 113.039
292000 120.891
293000 113.444
294000 110.801
295000 103.452
296000 109.865
297000 110.394
298000 96.8985
299000 97.3623
300000 105.715
301000 105.187
302000 106.041
303000 104.861
304000 97.5673
305000 97.8528
306000 98.0536
307000 102.613
308000 101.259
309000 101.329
310000 102.851
311000 99.1832
312000 105.251
313000 103.38
314000 106.513
315000 106.743
316000 103.403
317000 108.027
318000 99.1504
319000 96.9208
320000 99.0972
321000 105.33
322000 101.625
323000 99.4773
324000 107.475
325000 112.68
326000 117.718
327000 117.976
328000 115.804
329000 111.732
330000 106.788
331000 101.439
332000 110.508
333000 104.352
334000 97.9349
335000 101.067
336000 108.738
337000 100.255
338000 103.675
339000 106.674
340000 91.3108
341000 105.185
342000 103.512
343000 103.205
344000 107.538
345000 99.6178
346000 98.6113
347000 106.155
348000 102.562
349000 103.959
350000 106.597
351000 111.471
352000 112.974
353000 105.276
354000 118.927
355000 102.823
356000 91.909
357000 102.576
358000 106.776
359000 109.12
360000 107.852
361000 93.8947
362000 104.566
363000 113.906
364000 115.945
365000 105.783
366000 118.109
367000 109.181
368000 104.917
369000 110.489
370000 123.019
371000 111.739
372000 109.536
373000 114.173
374000 104.762
375000 111.841
376000 112.388
377000 105.234
378000 110.034
379000 105.659
380000 107.59
381000 101.367
382000 106.494
383000 92.1573
384000 93.4146
385000 103.468
386000 101.879
387000 96.7052
388000 91.4285
389000 90.7823
390000 103.907
391000 108.769
392000 114.056
393000 118.765
394000 108.644
395000 109.934
396000 101.409
397000 95.4896
398000 104.254
399000 100.952
400000 99.7036
401000 98.902
402000 91.2169
403000 104.155
404000 98.641
405000 96.4199
406000 108.698
407000 104.072
408000 105.914
409000 97.9091
410000 89.2362
411000 108.743
412000 110.793
413000 109.204
414000 105.334
415000 105.289
416000 96.25
417000 96.702
418000 103.418
419000 100.755
420000 102.563
421000 106.088
422000 103.208
423000 102.522
424000 101.931
425000 102.708
426000 102.871
427000 98.0165
428000 101.922
429000 102.096
430000 105.369
431000 113.719
432000 113.739
433000 116.934
434000 106.298
435000 95.1283
436000 98.3722
437000 92.8277
438000 102.522
439000 107.992
440000 104.792
441000 112.207
442000 104.064
443000 104.714
444000 115.344
445000 116.369
446000 105.683
447000 106.091
448000 110.74
449000 96.7904
450000 99.549
451000 101.796
452000 99.0428
453000 95.1326
454000 96.4097
455000 98.3607
456000 96.9373
457000 100.393
458000 114.1
459000 98.1288
460000 92.419
461000 101.642
462000 107.134
463000 108.168
464000 105.69
465000 111.921
466000 103.343
467000 102.155
468000 102.435
469000 112.409
470000 100.388
471000 92.0669
472000 101.885
473000 113.726
474000 107.916
475000 93.8143
476000 98.3345
477000 99.1179
478000 107.332
479000 112.427
480000 107.618
481000 104.503
482000 112.878
483000 109.891
484000 102.891
485000 105.187
486000 105.091
487000 105.864
488000 101.728
489000 103.436
490000 103.695
491000 103.107
492000 109.578
493000 119.976
494000 108.831
495000 107.778
496000 110.468
497000 114.65
498000 109.846
499000 107.108
500000 110.474
501000 103.819
502000 114.807
503000 109.986
504000 108.94
505000 105.503
506000 105.573
507000 110.865
508000 116.576
509000 111.867
510000 105.493
511000 120.371
512000 105.302
513000 99.4117
514000 107.096
515000 102.437
516000 101.933
517000 116.222
518000 105.443
519000 104.899
520000 112.306
521000 104.602
522000 107.321
523000 109.342
524000 109.733
525000 103.806
526000 106.895
527000 98.9464
528000 107.244
529000 105.649
530000 111.708
531000 97.8892
532000 107.46
533000 109.137
534000 99.1375
535000 100.183
536000 92.7203
537000 91.5268
538000 93.2149
539000 91.5043
540000 104.077
541000 100.227
542000 100.399
543000 99.1071
544000 92.0959
545000 108.314
546000 114.303
547000 112.301
548000 97.2798
549000 97.256
550000 112.995
551000 103.908
552000 104.127
553000 100.172
554000 106.161
555000 102.311
556000 103.108
557000 95.998
558000 99.5956
559000 104.222
560000 109.197
561000 108.509
562000 94.0164
563000 101.91
564000 105.723
565000 93.6731
566000 99.9317
567000 99.556
568000 104.829
569000 118.699
570000 111.421
571000 105.091
572000 99.2761
573000 101.486
574000 116.845
575000 125.966
576000 115.527
577000 117.277
578000 115.686
579000 112.859
580000 99.625
581000 98.0935
582000 99.7894
583000 103.191
584000 97.8018
585000 104.722
586000 96.1744
587000 103.641
588000 104.06
589000 109.886
590000 109.633
591000 112.241
592000 115.478
593000 107.301
594000 101.965
595000 99.6286
596000 97.5245
597000 109.38
598000 109.851
599000 106.128
600000 102.128
601000 99.7586
602000 114.478
603000 105.778
604000 114.195
605000 110.327
606000 107.883
607000 98.5164
608000 92.2735
609000 100.75
610000 111.81
611000 111.31
612000 105.302
613000 101.661
614000 111.381
615000 104.443
616000 102.09
617000 106.413
618000 104.049
619000 105.565
620000 112.859
621000 103.062
622000 116.327
623000 112.442
624000 104.557
625000 102.154
626000 95.0117
627000 108.066
628000 98.1121
629000 102.619
630000 91.443
631000 98.7049
632000 104.345
633000 98.0802
634000 103.098
635000 100.328
636000 110.573
637000 105.756
638000 113.875
639000 118.579
640000 119.521
641000 111.968
642000 96.789
643000 102.377
644000 96.3894
645000 102.181
646000 95.9152
647000 108.354
648000 101.569
649000 112.913
650000 109.287
651000 111.184
652000 109.683
653000 109.686
654000 103.073
655000 109.567
656000 114.284
657000 110.581
658000 101.068
659000 98.3958
660000 99.0597
661000 90.6141
662000 97.049
663000 98.6846
664000 110.255
665000 105.542
666000 107.744
667000 104.95
668000 111.641
669000 107.066
670000 99.5143
671000 103.269
672000 98.3991
673000 103.676
674000 102.07
675000 100.218
676000 103.14
677000 98.8488
678000 98.7913
679000 113.786
680000 100.815
681000 93.6424
682000 101.298
683000 103.914
684000 86.2687
685000 95.3176
686000 100.226
687000 110.983
688000 110.091
689000 90.6044
690000 96.6192
691000 102.781
692000 103.052
693000 110.548
694000 104.4
695000 100.111
696000 97.4139
697000 105.206
698000 94.971
699000 93.865
700000 96.5316
701000 102.281
702000 96.0791
703000 106.509
704000 105.318
705000 102.446
706000 102.36
707000 96.8042
708000 103.024
709000 106.302
710000 100.663
711000 95.0138
712000 103.287
713000 107.51
714000 107.894
715000 106.073
716000 108.873
717000 107.699
718000 100.697
719000 101.939
720000 99.875
721000 103.296
722000 102.877
723000 98.5971
724000 96.4954
725000 103.635
726000 113.505
727000 112.194
728000 98.7981
729000 94.3995
730000 110.889
731000 110.031
732000 108.202
733000 104.154
734000 108.467
735000 98.261
736000 108.776
737000 112.285
738000 103.741
739000 110.063
740000 106.573
741000 95.4486
742000 102.076
743000 103.743
744000 100.028
745000 107.987
746000 100.512
747000 105.859
748000 111.994
749000 114.625
750000 109.528
751000 106.383
752000 108.429
753000 100.439
754000 110.05
755000 107.87
756000 109.675
757000 103.83
758000 100.937
759000 106.322
760000 104.72
761000 109.114
762000 102.876
763000 105.95
764000 113.34
765000 109.19
766000 101.516
767000 96.3435
768000 106.792
769000 102.41
770000 104.899
771000 104.553
772000 102.859
773000 103.265
774000 109.62
775000 108.889
776000 100.393
777000 108.701
778000 95.1063
779000 105.488
780000 105.413
781000 110.039
782000 103.58
783000 92.9881
784000 106.693
785000 103.353
786000 101.234
787000 94.8683
788000 98.4258
789000 100.69
790000 107.457
791000 105.612
792000 103.831
793000 99.5125
794000 108.846
795000 111.951
796000 94.8397
797000 98.9438
798000 105.972
799000 100.558
800000 106.738
801000 97.6353
802000 104.134
803000 104.714
804000 105.073
805000 96.9834
806000 97.7288
807000 102.847
808000 109.806
809000 99.9781
810000 95.7849
811000 98.839
812000 102.93
813000 106.085
814000 115.365
815000 107.39
816000 95.8956
817000 107.83
818000 101.667
819000 111.881
820000 101.847
821000 100.181
822000 107.063
823000 112.312
824000 104.202
825000 108.746
826000 100.959
827000 99.8886
828000 102.495
829000 100.439
830000 116.616
831000 115.168
832000 104.904
833000 102.842
834000 100.637
835000 101.969
836000 97.9034
837000 98.1296
838000 101.771
839000 105.802
840000 98.1158
841000 95.8731
842000 93.9179
843000 92.4176
844000 100.755
845000 88.949
846000 87.9866
847000 95.249
848000 95.8877
849000 96.7878
850000 104.323
851000 101.673
852000 100.276
853000 107.216
854000 107.361
855000 102.306
856000 108.641
857000 104.084
858000 107.151
859000 105.874
860000 108.64
861000 100.046
862000 116.541
863000 107.023
864000 99.4646
865000 108.936
866000 97.798
867000 107.926
868000 117.14
869000 110.427
870000 111.266
871000 103.846
872000 98.8711
873000 91.1051
874000 94.6145
875000 104.757
876000 96.0544
877000 100.457
878000 94.6107
879000 94.5714
880000 88.1244
881000 87.7932
882000 100.334
883000 101.895
884000 115.011
885000 114.487
886000 110.723
887000 98.9952
888000 98.9082
889000 105.704
890000 105.889
891000 100.537
892000 101.154
893000 95.9122
894000 104.338
895000 102.129
896000 109.355
897000 107.749
898000 99.7777
899000 99.0935
900000 106.779
901000 106.662
902000 98.745
903000 99.1931
904000 100.641
905000 95.9781
906000 104.287
907000 96.5286
908000 92.597
909000 102.564
910000 96.6211
911000 92.8503
912000 101.791
913000 99.364
914000 100.422
915000 111.217
916000 101.492
917000 99.8996
918000 102.012
919000 102.727
920000 107.937
921000 103.551
922000 98.625
923000 102.239
924000 102.244
925000 99.5719
926000 91.6495
927000 97.5076
928000 95.2053
929000 98.0808
930000 104.553
931000 99.2855
932000 99.0817
933000 103.515
934000 105.32
935000 106.091
936000 100.564
937000 107.027
938000 107.177
939000 103.811
940000 105.22
941000 108.094
942000 105.12
943000 115.219
944000 111.592
945000 106.723
946000 109.553
947000 94.7676
948000 100.015
949000 117.206
950000 105.719
951000 101.197
952000 103.161
953000 104.327
954000 106.17
955000 103.305
956000 106.443
957000 109.957
958000 97.2837
959000 96.0171
960000 95.0889
961000 102.128
962000 103.181
963000 99.5164
964000 87.9348
965000 95.6563
966000 111.135
967000 112.422
968000 102.647
969000 93.1024
970000 95.2568
971000 98.2321
972000 108.334
973000 104.778
974000 104.655
975000 103.542
976000 103.969
977000 97.7257
978000 101.183
979000 98.5046
980000 93.8073
981000 103.541
982000 103.198
983000 95.3135
984000 96.4951
985000 98.8037
986000 96.0448
987000 97.5046
988000 94.9203
989000 100.748
990000 93.6629
991000 96.0097
992000 102.418
993000 105.752
994000 98.8585
995000 98.8187
996000 110.401
997000 105.826
998000 107.201
999000 103.713
1000000 103.595
1001000 99.3596
1002000 112.788
1003000 105.809
1004000 103.561
1005000 111.613
1006000 95.0333
1007000 104.572
1008000 97.1233
1009000 93.8547
1010000 101.604
1011000 103.19
1012000 105.896
1013000 99.4581
1014000 112.524
1015000 110.476
1016000 106.862
1017000 104.062
1018000 113.892
1019000 109.354
1020000 110.144
1021000 120.152
1022000 115.449
1023000 110.825
1024000 104.488
1025000 101.864
1026000 96.6028
1027000 101.052
1028000 96.5262
1029000 103.738
1030000 103.762
1031000 102.407
1032000 103.903
1033000 109.294
1034000 107.139
1035000 103.756
1036000 96.9413
1037000 108.792
1038000 102.761
1039000 102.53
1040000 102.74
1041000 99.8053
1042000 116.965
1043000 108.628
1044000 106.33
1045000 97.3209
1046000 105.304
1047000 107.356
1048000 101.314
1049000 102.486
1050000 97.288
1051000 103.602
1052000 100.993
1053000 96.9664
1054000 93.0029
1055000 99.5123
1056000 107.499
1057000 107.412
1058000 113.808
1059000 99.9063
1060000 104.314
1061000 97.1058
1062000 98.963
1063000 108.844
1064000 107.436
1065000 106.872
1066000 95.6497
1067000 101.401
1068000 107.815
1069000 107.912
1070000 103.497
1071000 107.436
1072000 106.457
1073000 100.502
1074000 101.485
1075000 96.0217
1076000 95.9812
1077000 101.872
1078000 92.3798
1079000 95.762
1080000 102.932
1081000 108.018
1082000 90.3445
1083000 83.9327
1084000 89.1318
1085000 95.5284
1086000 105.071
1087000 96.7135
1088000 92.2799
1089000 94.1427
1090000 93.2098
1091000 91.988
1092000 98.9133
1093000 103.079
1094000 94.2749
1095000 99.1292
1096000 116.649
1097000 109.362
1098000 111.648
1099000 102.509
1100000 93.911
1101000 99.7455
1102000 102.035
1103000 102.774
1104000 104.491
1105000 104.469
1106000 101.122
1107000 98.9287
1108000 105.559
1109000 103.077
1110000 103.254
1111000 104.426
1112000 104.612
1113000 97.7856
1114000 98.0059
1115000 93.7706
1116000 99.0724
1117000 100.084
1118000 99.5991
1119000 105.896
1120000 101.486
1121000 104.89
1122000 113.49
1123000 97.5443
1124000 99.016
1125000 107.605
1126000 95.9886
1127000 91.1918
1128000 94.8065
1129000 97.0178
1130000 103.555
1131000 93.5957
1132000 100.276
1133000 98.5672
1134000 95.5324
1135000 108.004
1136000 103.454
1137000 106.112
1138000 120.448
1139000 108.819
1140000 99.3339
1141000 96.9869
1142000 99.6026
1143000 111.321
1144000 104.016
1145000 105.811
1146000 94.9112
1147000 93.9837
1148000 96.919
1149000 105.625
1150000 102.389
1151000 100.484
1152000 109.765
1153000 99.9204
1154000 88.7491
1155000 85.0789
1156000 94.4775
1157000 96.2069
1158000 112.726
1159000 117.604
1160000 105.608
1161000 108.172
1162000 98.9481
1163000 102.652
1164000 103.62
1165000 109.222
1166000 106.687
1167000 104.183
1168000 104.898
1169000 100.343
1170000 96.0314
1171000 99.2713
1172000 102.649
1173000 95.7637
1174000 94.2678
1175000 104.917
1176000 106.546
1177000 125.751
1178000 121.993
1179000 103.348
1180000 95.5351
1181000 98.8114
1182000 109.242
1183000 99.7101
1184000 93.8836
1185000 100.732
1186000 110.662
1187000 100.311
1188000 112.978
1189000 102.459
1190000 103.284
1191000 107.348
1192000 103.32
1193000 112.655
1194000 112.36
1195000 110.453
1196000 106.598
1197000 104.567
1198000 93.2817
1199000 97.1611
1200000 94.1454
1201000 103.856
1202000 101.061
1203000 106.243
1204000 110.184
1205000 102.749
1206000 91.5742
1207000 102.039
1208000 99.22
1209000 91.6527
1210000 92.8956
1211000 114.744
1212000 101.869
1213000 102.08
1214000 112.384
1215000 104.351
1216000 109.69
1217000 109.361
1218000 105.039
1219000 109.751
1220000 111.903
1221000 103.739
1222000 98.3586
1223000 98.4502
1224000 97.2631
1225000 98.8584
1226000 102.694
1227000 93.1069
1228000 96.9769
1229000 98.6108
1230000 101.393
1231000 113.237
1232000 118.418
1233000 101.055
1234000 88.0007
1235000 94.9589
1236000 96.6397
1237000 96.5137
1238000 97.6596
1239000 107.349
1240000 108.345
1241000 109.683
1242000 102.603
1243000 93.268
1244000 103.674
1245000 112.355
1246000 101.45
1247000 92.885
1248000 99.8187
1249000 106.185
1250000 102.263
1251000 102.852
1252000 102.052
1253000 100.558
1254000 106.512
1255000 105.759
1256000 102.991
1257000 106.067
1258000 106.42
1259000 103.706
1260000 102.566
1261000 104.546
1262000 93.3315
1263000 88.627
1264000 93.0189
1265000 100.049
1266000 105.472
1267000 98.9163
1268000 100.265
1269000 97.6779
1270000 104.324
1271000 105.271
1272000 114.224
1273000 103.884
1274000 98.7084
1275000 95.3633
1276000 95.3864
1277000 105.096
1278000 106.607
1279000 116.543
1280000 103.781
1281000 103.053
1282000 106.489
1283000 101.154
1284000 104.506
1285000 115.434
1286000 101.671
1287000 110.821
1288000 115.804
1289000 98.7897
1290000 99.4808
1291000 90.3127
1292000 94.3108
1293000 110.098
1294000 102.905
1295000 100.983
1296000 97.903
1297000 105.711
1298000 94.977
1299000 89.5311
1300000 97.1562
1301000 97.2909
1302000 97.2244
1303000 92.7366
1304000 102.51
1305000 109.229
1306000 102.329
1307000 100.493
1308000 94.9234
1309000 93.7851
1310000 94.4197
1311000 103.972
1312000 106.203
1313000 97.916
1314000 89.9131
1315000 101.783
1316000 106.532
1317000 105.556
1318000 100.662
1319000 89.1149
1320000 101.708
1321000 112.885
1322000 96.8608
1323000 105.694
1324000 109.29
1325000 103.134
1326000 100.906
1327000 99.7456
1328000 93.9596
1329000 95.8506
1330000 94.801
1331000 108.437
1332000 111.779
1333000 103.412
1334000 99.717
1335000 105.816
1336000 100.484
1337000 96.8502
1338000 96.3496
1339000 94.2507
1340000 90.591
1341000 98.6952
1342000 93.7003
1343000 90.4153
1344000 98.8262
1345000 101.049
1346000 92.3768
1347000 103.914
1348000 85.849
1349000 98.8973
1350000 106.941
1351000 103.416
1352000 101.248
1353000 105.778
1354000 109.449
1355000 98.1533
1356000 92.8898
1357000 107.35
1358000 116.251
1359000 110.176
1360000 106.321
1361000 106.885
1362000 102.83
1363000 98.7079
1364000 95.4144
1365000 90.6648
1366000 99.4666
1367000 115.468
1368000 107.823
1369000 111.554
1370000 115.391
1371000 95.1291
1372000 108.883
1373000 107.135
1374000 104.277
1375000 102.997
1376000 99.501
1377000 100.491
1378000 99.6353
1379000 102.404
1380000 109.664
1381000 107.488
1382000 110.679
1383000 110.499
1384000 102.157
1385000 99.6075
1386000 110.467
1387000 111.062
1388000 115.751
1389000 104.499
1390000 109.293
1391000 100.245
1392000 100.32
1393000 107.883
1394000 107.528
1395000 101.924
1396000 102.317
1397000 93.9009
1398000 98.3047
1399000 95.5259
1400000 98.9929
1401000 94.2497
1402000 98.3711
1403000 112.085
1404000 119.189
1405000 117.356
1406000 105.742
1407000 96.3574
1408000 106.491
1409000 108.774
1410000 102.046
1411000 108.143
1412000 108.619
1413000 102.425
1414000 107.526
1415000 100.294
1416000 104.311
1417000 107.292
1418000 117.132
1419000 110.799
1420000 95.8638
1421000 97.055
1422000 95.8282
1423000 103.742
1424000 108.465
1425000 106.058
1426000 104.318
1427000 102.419
1428000 105.201
1429000 98.1898
1430000 104.012
1431000 103.612
1432000 95.7631
1433000 95.4653
1434000 97.5251
1435000 103.417
1436000 107.918
1437000 116.041
1438000 114.649
1439000 98.3591
1440000 96.7133
1441000 95.8404
1442000 98.4668
1443000 98.0638
1444000 99.7489
1445000 102.917
1446000 94.313
1447000 105
1448000 94.8831
1449000 91.9575
1450000 107.408
1451000 107.326
1452000 106.633
1453000 121.534
1454000 106.964
1455000 87.1904
1456000 98.0875
1457000 116.542
1458000 112.886
1459000 105.009
1460000 95.4779
1461000 110.696
1462000 112.203
1463000 104.515
1464000 100.615
1465000 97.8283
1466000 99.6906
1467000 102.714
1468000 101.714
1469000 98.5991
1470000 100.066
1471000 100.792
1472000 104.411
1473000 101.687
1474000 99.1635
1475000 109.468
1476000 105.823
1477000 104.629
1478000 103.114
1479000 112.898
1480000 110.202
1481000 107.792
1482000 99.3389
1483000 87.1682
1484000 100.249
1485000 98.6076
1486000 98.5893
1487000 100.719
1488000 105.775
1489000 108.047
1490000 114.43
1491000 110.248
1492000 95.1944
1493000 95.9513
1494000 103.416
1495000 106.871
1496000 108.545
1497000 102.003
1498000 98.2734
1499000 91.0878
1500000 95.3097
1501000 97.6521
1502000 112.896
1503000 103.07
1504000 94.6802
1505000 96.2548
1506000 108.888
1507000 109.94
1508000 112.854
1509000 98.2914
1510000 93.766
1511000 96.2997
1512000 107.659
1513000 116.932
1514000 107.192
1515000 109.945
1516000 103.035
1517000 104.488
1518000 108.408
1519000 108.25
1520000 104.503
1521000 113.384
1522000 111.398
1523000 102.989
1524000 104.915
1525000 105.405
1526000 107.736
1527000 113.429
1528000 112.487
1529000 110.718
1530000 112.982
1531000 111.982
1532000 112.229
1533000 111.302
1534000 102.681
1535000 106.211
1536000 111.445
1537000 117.463
1538000 107.901
1539000 104.307
1540000 102.431
1541000 97.5728
1542000 105.514
1543000 99.4021
1544000 90.7995
1545000 90.8756
1546000 88.4107
1547000 97.6621
1548000 103.955
1549000 98.0159
1550000 97.5609
1551000 96.0598
1552000 108.801
1553000 107.615
1554000 112.798
1555000 101.158
1556000 108.717
1557000 110.042
1558000 107.597
1559000 101.363
1560000 110.428
1561000 96.329
1562000 97.9037
1563000 98.3771
1564000 97.7323
1565000 99.521
1566000 103.115
1567000 103.432
1568000 105.776
1569000 115.474
1570000 113.159
1571000 108.959
1572000 99.5466
1573000 96.4751
1574000 98.5158
1575000 102.678
1576000 104.793
1577000 109.17
1578000 113.278
1579000 109.943
1580000 102.535
1581000 103.342
1582000 103.219
1583000 101.719
1584000 103.583
1585000 95.6353
1586000 101.095
1587000 108.519
1588000 104.694
1589000 104.984
1590000 102.911
1591000 105.732
1592000 95.0638
1593000 107.182
1594000 105.717
1595000 101.943
1596000 98.568
1597000 102.627
1598000 111.242
1599000 102.768
1600000 99.1655
1601000 104.75
1602000 104.401
1603000 110.026
1604000 110.339
1605000 103.079
1606000 99.5081
1607000 93.0443
1608000 100.665
1609000 100.902
1610000 104.653
1611000 103.926
1612000 101.682
1613000 105.838
1614000 108.009
1615000 114.7
1616000 111.488
1617000 108.079
1618000 111.794
1619000 109.209
1620000 100.039
1621000 102.978
1622000 107.835
1623000 111.275
1624000 103.874
1625000 93.854
1626000 99.0117
1627000 95.1937
1628000 107.672
1629000 103.132
1630000 102.804
1631000 97.3837
1632000 93.2117
1633000 104.253
1634000 105.164
1635000 101.322
1636000 102.697
1637000 108.817
1638000 102.4
1639000 102.278
1640000 99.0909
1641000 109.568
1642000 104.491
1643000 96.2725
1644000 98.3172
1645000 99.6136
1646000 103.231
1647000 107.992
1648000 104.92
1649000 97.9642
1650000 107.171
1651000 94.5787
1652000 103.003
1653000 95.8021
1654000 103.232
1655000 102.767
1656000 105.307
1657000 102.139
1658000 99.146
1659000 101.27
1660000 102.708
1661000 92.4
1662000 101.062
1663000 94.9774
1664000 101.313
1665000 100.823
1666000 103.968
1667000 105.192
1668000 104.033
1669000 106.381
1670000 100.203
1671000 110.664
1672000 105.733
1673000 105.192
1674000 106.611
1675000 97.2533
1676000 106.217
1677000 106.595
1678000 105.263
1679000 107.024
1680000 109.896
1681000 107.42
1682000 104.782
1683000 100.352
1684000 94.7968
1685000 100.285
1686000 107.281
1687000 108.815
1688000 109.549
1689000 107.144
1690000 113.128
1691000 100.635
1692000 103.927
1693000 104.393
1694000 118.714
1695000 121.814
1696000 101.707
1697000 98.0191
1698000 101.79
1699000 107.112
1700000 105.223
1701000 96.3345
1702000 96.0998
1703000 93.269
1704000 94.604
1705000 98.2572
1706000 102.089
1707000 99.6913
1708000 98.1304
1709000 91.9311
1710000 96.5249
1711000 104.337
1712000 107.605
1713000 111.204
1714000 109.603
1715000 108.564
1716000 105.933
1717000 108.148
1718000 116.219
1719000 109.481
1720000 107.021
1721000 112.023
1722000 103.295
1723000 99.2933
1724000 113.719
1725000 111.85
1726000 99.7834
1727000 104.451
1728000 104.56
1729000 89.4313
1730000 91.9543
1731000 100.763
1732000 113.068
1733000 114.273
1734000 115.359
1735000 107.652
1736000 102.409
1737000 105.262
1738000 102.392
1739000 99.8477
1740000 91.823
1741000 100.376
1742000 110.144
1743000 103.315
1744000 102.431
1745000 105.912
1746000 103.293
1747000 107.426
1748000 102.151
1749000 106.797
1750000 99.7843
1751000 93.7816
1752000 97.0982
1753000 96.3993
1754000 100.61
1755000 104.35
1756000 92.9663
1757000 93.7419
1758000 100.982
1759000 101.289
1760000 92.4368
1761000 102.85
1762000 96.3453
1763000 94.6324
1764000 99.0372
1765000 105.217
1766000 109.209
1767000 104.648
1768000 105.635
1769000 107.617
1770000 112.035
1771000 115.058
1772000 117.647
1773000 110.895
1774000 93.457
1775000 97.7155
1776000 107.892
1777000 99.9072
1778000 103.841
1779000 97.9472
1780000 105.152
1781000 105.106
1782000 102.374
1783000 92.5476
1784000 106.492
1785000 102.58
1786000 106.314
1787000 99.3015
1788000 98.4865
1789000 108.529
1790000 104.034
1791000 108.423
1792000 101.016
1793000 103.462
1794000 100.127
1795000 103.806
1796000 97.3822
1797000 93.1369
1798000 94.0153
1799000 90.5341
1800000 89.114
1801000 97.8392
1802000 100.226
1803000 116.926
1804000 116.488
1805000 109.895
1806000 115.15
1807000 112.148
1808000 99.7665
1809000 94.4174
1810000 86.2609
1811000 97.3698
1812000 103.506
1813000 100.838
1814000 97.3222
1815000 112.477
1816000 109.746
1817000 107.492
1818000 103.613
1819000 96.5541
1820000 97.8519
1821000 96.0951
1822000 100.895
1823000 104.161
1824000 103.715
1825000 104.34
1826000 106.757
1827000 101.134
1828000 101.327
1829000 98.7925
1830000 100.178
1831000 102.501
1832000 97.4442
1833000 99.1794
1834000 109.597
1835000 106.992
1836000 97.3956
1837000 105.713
1838000 93.9614
1839000 90.6524
1840000 102.913
1841000 101.158
1842000 97.0893
1843000 93.1753
1844000 102.87
1845000 102.834
1846000 95.809
1847000 104.587
1848000 106.2
1849000 114.855
1850000 100.548
1851000 96.0715
1852000 108.528
1853000 106.648
1854000 100.932
1855000 99.5417
1856000 100.484
1857000 96.4305
1858000 104.193
1859000 93.4836
1860000 98.7716
1861000 101.344
1862000 97.9194
1863000 103.843
1864000 95.0764
1865000 97.6252
1866000 101.752
1867000 102.437
1868000 104.773
1869000 105.114
1870000 103.025
1871000 111.799
1872000 105.986
1873000 94.1524
1874000 93.9806
1875000 104.75
1876000 106.124
1877000 92.678
1878000 95.8139
1879000 109.567
1880000 106.913
1881000 112.042
1882000 110.996
1883000 107.314
1884000 101.886
1885000 99.4741
1886000 98.4558
1887000 108.307
1888000 104.283
1889000 102.402
1890000 103.199
1891000 108.317
1892000 116.527
1893000 112.581
1894000 100.96
1895000 101.737
1896000 106.044
1897000 107.966
1898000 104.57
1899000 101.775
1900000 117.56
1901000 110.806
1902000 103.123
1903000 107.574
1904000 102.867
1905000 103.783
1906000 110.315
1907000 104.31
1908000 108.717
1909000 99.9553
1910000 101.186
1911000 104.399
1912000 96.0976
1913000 92.1097
1914000 98.979
1915000 105.299
1916000 114.168
1917000 118.929
1918000 114.617
1919000 105.633
1920000 100.927
1921000 98.4617
1922000 95.7164
1923000 94.9648
1924000 94.1978
1925000 110.596
1926000 102.68
1927000 107.864
1928000 97.5463
1929000 109.761
1930000 117.707
1931000 111.572
1932000 102.407
1933000 104.234
1934000 99.5282
1935000 92.3331
1936000 98.107
1937000 92.9257
1938000 99.3285
1939000 112.09
1940000 106.386
1941000 101.232
1942000 109.952
1943000 110.935
1944000 106.291
1945000 107.386
1946000 104.367
1947000 101.494
1948000 104.509
1949000 98.9219
1950000 94.1697
1951000 108.863
1952000 107.953
1953000 102.404
1954000 99.4787
1955000 97.4721
1956000 106.096
1957000 112.446
1958000 114.377
1959000 111.09
1960000 112.75
1961000 108.977
1962000 110.566
1963000 108.672
1964000 102.83
1965000 92.807
1966000 91.5506
1967000 89.1185
1968000 90.6194
1969000 96.8314
1970000 105.359
1971000 95.684
1972000 97.6096
1973000 99.1335
1974000 90.9898
1975000 97.8539
1976000 111.026
1977000 106.888
1978000 97.3772
1979000 108.392
1980000 114.956
1981000 115.846
1982000 111.895
1983000 106.925
1984000 103.957
1985000 105.457
1986000 104.392
1987000 116.197
1988000 100.76
1989000 108.723
1990000 99.0782
1991000 106.171
1992000 107.18
1993000 108.091
1994000 98.8039
1995000 99.9603
1996000 108.49
1997000 99.8094
1998000 98.9936
1999000 93.9232
2000000 102.388
2001000 103.833
2002000 101.168
2003000 101.755
2004000 101.09
2005000 111.378
2006000 101.534
2007000 107.311
2008000 107.037
2009000 110.228
2010000 104.183
2011000 113.882
2012000 98.2684
2013000 94.9759
2014000 100.783
2015000 96.7323
2016000 100.382
2017000 106.391
2018000 94.0677
2019000 99.4946
2020000 95.9123
2021000 104.509
2022000 105.451
2023000 102.943
2024000 114.832
2025000 104.815
2026000 102.099
2027000 92.4016
2028000 96.7267
2029000 103.355
2030000 111.368
2031000 110.291
2032000 103.131
2033000 107.805
2034000 116.821
2035000 99.5954
2036000 97.2601
2037000 94.0841
2038000 96.347
2039000 98.0447
2040000 107.228
2041000 103.16
2042000 102.256
2043000 106.861
2044000 113.107
2045000 97.7081
2046000 98.9957
2047000 90.736
2048000 94.9664
2049000 98.7
2050000 97.1767
2051000 111.239
2052000 102.736
2053000 93.6895
2054000 98.1475
2055000 109.657
2056000 92.4697
2057000 102.313
2058000 104.822
2059000 101.657
2060000 103.162
2061000 95.5309
2062000 96.9728
2063000 94.2644
2064000 99.1663
2065000 101.622
2066000 107.211
2067000 110.223
2068000 109.896
2069000 112.541
2070000 115.94
2071000 105.283
2072000 107.154
2073000 94.6708
2074000 104.141
2075000 111.592
2076000 118.869
2077000 107.299
2078000 108.738
2079000 100.522
2080000 96.0662
2081000 94.9537
2082000 95.7355
2083000 93.5185
2084000 111.946
2085000 98.7946
2086000 108.359
2087000 100.053
2088000 98.7564
2089000 96.2823
2090000 100.721
2091000 104.223
2092000 105.514
2093000 101.983
2094000 98.7096
2095000 107.477
2096000 99.0236
2097000 102.358
2098000 101.743
2099000 113.116
2100000 103.218
2101000 106.424
2102000 110.487
2103000 107.928
2104000 108.034
2105000 109.478
2106000 104.18
2107000 107.482
2108000 111.208
2109000 110.037
2110000 103.634
2111000 101.401
2112000 110.039
2113000 104.813
2114000 97.3829
2115000 98.4998
2116000 101.558
2117000 95.81
2118000 99.6538
2119000 104.043
2120000 104.18
2121000 108.073
2122000 102.132
2123000 93.8061
2124000 99.2466
2125000 103.195
2126000 104.893
2127000 109.335
2128000 103.808
2129000 105.57
2130000 107.695
2131000 104.675
2132000 109.088
2133000 98.8844
2134000 106.208
2135000 107.64
2136000 106.116
2137000 104.587
2138000 110.743
2139000 115.052
2140000 99.4343
2141000 103.973
2142000 102.324
2143000 101.975
2144000 105.175
2145000 99.2138
2146000 95.9641
2147000 94.5011
2148000 110.704
2149000 104.043
2150000 110.248
2151000 105.577
2152000 105.93
2153000 100.152
2154000 96.0919
2155000 90.8242
2156000 89.3474
2157000 96.8625
2158000 87.9846
2159000 99.1427
2160000 102.412
2161000 106.329
2162000 103.968
2163000 109.149
2164000 108.19
2165000 108.033
2166000 102.274
2167000 92.1526
2168000 96.3914
2169000 106.616
2170000 101.726
2171000 108.726
2172000 106.837
2173000 97.584
2174000 95.1891
2175000 100.906
2176000 93.8147
2177000 101.116
2178000 109.752
2179000 110.212
2180000 112.305
2181000 99.3841
2182000 107.326
2183000 97.1217
2184000 95.802
2185000 105.965
2186000 113.421
2187000 110.994
2188000 109.016
2189000 109.71
2190000 111.142
2191000 102.39
2192000 101.834
2193000 97.3529
2194000 108.679
2195000 113.116
2196000 105.496
2197000 100.012
2198000 95.3195
2199000 103.132
2200000 105.947
2201000 104.505
2202000 101.208
2203000 99.5026
2204000 101.29
2205000 97.5656
2206000 91.8514
2207000 94.8967
2208000 101.013
2209000 102.583
2210000 108.373
2211000 94.5311
2212000 97.3813
2213000 105.816
2214000 115.22
2215000 108.538
2216000 97.4857
2217000 96.9267
2218000 96.5647
2219000 91.9539
2220000 95.6731
2221000 101.14
2222000 106.941
2223000 102.2
2224000 97.8616
2225000 100.549
2226000 96.6039
2227000 106.283
2228000 94.0574
2229000 94.4049
2230000 98.8282
2231000 110.257
2232000 97.2296
2233000 105.018
2234000 99.8835
2235000 100.698
2236000 96.9833
2237000 95.4108
2238000 107.583
2239000 94.4813
2240000 101.184
2241000 98.0879
2242000 103.716
2243000 100.793
2244000 100.102
2245000 108.514
2246000 97.7462
2247000 106.679
2248000 108.675
2249000 105.826
2250000 99.6651
2251000 106.791
2252000 103.514
2253000 94.5966
2254000 85.5199
2255000 98.4202
2256000 98.5259
2257000 94.8832
2258000 98.7704
2259000 103.617
2260000 96.4598
2261000 101.848
2262000 98.7395
2263000 109.482
2264000 107.618
2265000 108.179
2266000 95.6508
2267000 106.398
2268000 103.28
2269000 106.368
2270000 99.5327
2271000 100.806
2272000 102.54
2273000 103.369
2274000 100.252
2275000 109.276
2276000 103.682
2277000 91.872
2278000 102.791
2279000 103.887
2280000 102.274
2281000 97.6375
2282000 107.122
2283000 95.3293
2284000 102.055
2285000 100.183
2286000 109.489
2287000 105.203
2288000 109.606
2289000 102.581
2290000 97.7574
2291000 99.1
2292000 98.5866
2293000 90.9909
2294000 103.376
2295000 102.172
2296000 102.029
2297000 105.322
2298000 99.1262
2299000 91.9782
2300000 94.1338
2301000 103.662
2302000 105.17
2303000 93.9822
2304000 106.255
2305000 97.1305
2306000 95.3318
2307000 91.4991
2308000 93.5678
2309000 94.4679
2310000 96.3625
2311000 99.42
2312000 102.132
2313000 93.8793
2314000 105.67
2315000 105.194
2316000 101.566
2317000 105.762
2318000 94.4148
2319000 97.8676
2320000 100.656
2321000 108.501
2322000 100.512
2323000 98.6433
2324000 96.2014
2325000 103.064
2326000 104.426
2327000 112.843
2328000 104.54
2329000 105.149
2330000 100.007
2331000 105.137
2332000 92.3006
2333000 84.7514
2334000 99.3436
2335000 104.595
2336000 103.803
2337000 106.442
2338000 106.32
2339000 109.852
2340000 110.758
2341000 102.285
2342000 95.447
2343000 97.7022
2344000 99.23
2345000 101.758
2346000 102.092
2347000 105.163
2348000 109.394
2349000 110.469
2350000 101.625
2351000 94.863
2352000 96.2351
2353000 107.07
2354000 108.798
2355000 103.93
2356000 101.025
2357000 94.9815
2358000 108.629
2359000 100.283
2360000 108.401
2361000 108.523
2362000 100.146
2363000 93.7163
2364000 104.618
2365000 104.176
2366000 89.4078
2367000 100.302
2368000 104.522
2369000 107.417
2370000 104.819
2371000 100.212
2372000 96.8635
2373000 101.007
2374000 98.1327
2375000 92.8532
2376000 95.6999
2377000 100.688
2378000 106.642
2379000 102.777
2380000 109.172
2381000 108.918
2382000 109.177
2383000 109.836
2384000 106.564
2385000 100.022
2386000 100.883
2387000 100.716
2388000 106.831
2389000 110.593
2390000 101.302
2391000 107.922
2392000 104.204
2393000 96.3514
2394000 110.597
2395000 109.462
2396000 113.257
2397000 117.254
2398000 113.431
2399000 100.394
2400000 99.7348
2401000 95.0921
2402000 105.019
2403000 110.843
2404000 95.7463
2405000 98.8235
2406000 97.6912
2407000 91.5041
2408000 97.3514
2409000 102.547
2410000 106.378
2411000 100.084
2412000 100.032
2413000 106.652
2414000 102.934
2415000 106.104
2416000 110.375
2417000 105.782
2418000 92.5487
2419000 88.7811
2420000 107.688
2421000 105.162
2422000 101.24
2423000 104.026
2424000 114.222
2425000 103.706
2426000 99.4178
2427000 97.0932
2428000 108.07
2429000 105.48
2430000 103.468
2431000 102.072
2432000 109.96
2433000 110.243
2434000 101.893
2435000 99.7432
2436000 107.947
2437000 101.087
2438000 100.03
2439000 105.28
2440000 101.027
2441000 101.551
2442000 100.941
2443000 100.78
2444000 95.2174
2445000 103.571
2446000 101.747
2447000 105.199
2448000 102.313
2449000 101.448
2450000 103.261
2451000 103.276
2452000 102.007
2453000 109.985
2454000 108.397
2455000 102.737
2456000 92.0944
2457000 93.6432
2458000 94.5316
2459000 107.469
2460000 121.658
2461000 128.857
2462000 108.204
2463000 105.118
2464000 93.4651
2465000 107.93
2466000 96.1837
2467000 98.2631
2468000 93.6941
2469000 97.1194
2470000 99.35
2471000 105.39
2472000 113.391
2473000 104.839
2474000 103.556
2475000 97.178
2476000 95.6282
2477000 101.711
2478000 103.73
2479000 97.1319
2480000 89.4582
2481000 94.2082
2482000 98.1907
2483000 90.7167
2484000 96.197
2485000 93.5033
2486000 101.551
2487000 95.6392
2488000 102.748
2489000 103.226
2490000 100.967
2491000 101.5
2492000 109.893
2493000 111.342
2494000 107.784
2495000 112.683
2496000 101.044
2497000 85.4174
2498000 92.1101
2499000 105.16
2500000 104.939
2501000 94.3267
2502000 96.6416
2503000 97.8744
2504000 92.8267
2505000 105.487
2506000 98.8016
2507000 101.546
2508000 109.696
2509000 110.66
2510000 105.211
2511000 100.157
2512000 103.817
2513000 101.038
2514000 96.24
2515000 103.895
2516000 99.303
2517000 99.5053
2518000 106.805
2519000 99.6501
2520000 105.86
2521000 96.073
2522000 96.7548
2523000 101.58
2524000 109.613
2525000 114.066
2526000 112.218
2527000 103.198
2528000 89.5255
2529000 99.5624
2530000 94.5478
2531000 99.0574
2532000 99.9399
2533000 101.662
2534000 108.616
2535000 102.395
2536000 102.203
2537000 95.1773
2538000 104.117
2539000 96.8246
2540000 93.7944
2541000 92.7457
2542000 97.1738
2543000 93.9831
2544000 96.4434
2545000 97.275
2546000 101.975
2547000 102.439
2548000 107.5
2549000 113.784
2550000 111.465
2551000 106.792
2552000 103.698
2553000 102.406
2554000 102.989
2555000 93.6633
2556000 93.2337
2557000 93.8836
2558000 104.469
2559000 95.6383
2560000 100.266
2561000 101.616
2562000 109.692
2563000 99.7752
2564000 99.2388
2565000 105.437
2566000 104.637
2567000 100.107
2568000 102.37
2569000 97.6967
2570000 105.334
2571000 97.5032
2572000 106.617
2573000 105.828
2574000 108.744
2575000 106.4
2576000 101.373
2577000 107.403
2578000 108.793
2579000 104.913
2580000 96.4972
2581000 99.0984
2582000 105.941
2583000 98.4911
2584000 109.704
2585000 100.775
2586000 89.9024
2587000 98.6825
2588000 106.779
2589000 102.247
2590000 92.0388
2591000 103.395
2592000 103.632
2593000 99.8132
2594000 103.104
2595000 108.925
2596000 104.043
2597000 98.6056
2598000 96.964
2599000 102.346
2600000 96.901
2601000 95.0616
2602000 98.9079
2603000 95.6961
2604000 112.558
2605000 113.762
2606000 104.916
2607000 101.332
2608000 96.1331
2609000 100.605
2610000 98.1395
2611000 97.8267
2612000 99.5742
2613000 101.337
2614000 99.5471
2615000 97.5505
2616000 108.799
2617000 99.5042
2618000 102.093
2619000 105.375
2620000 106.121
2621000 108.291
2622000 95.0204
2623000 101.111
2624000 105.269
2625000 96.8768
2626000 101.345
2627000 101.885
2628000 98.5485
2629000 110.892
2630000 106.411
2631000 109.378
2632000 106.125
2633000 93.6416
2634000 105.581
2635000 111.229
2636000 109.8
2637000 103.889
2638000 108.53
2639000 101.778
2640000 103.043
2641000 95.3542
2642000 105.628
2643000 110.47
2644000 99.1203
2645000 105.726
2646000 103.233
2647000 104.486
2648000 93.1864
2649000 89.6222
2650000 101.507
2651000 107.232
2652000 92.7795
2653000 99.3618
2654000 97.6127
2655000 95.9944
2656000 101
2657000 98.7716
2658000 93.0817
2659000 102.197
2660000 99.9711
2661000 108.845
2662000 97.3829
2663000 103.164
2664000 106.677
2665000 108.716
2666000 96.5803
2667000 95.6306
2668000 90.7066
2669000 97.5168
2670000 94.8125
2671000 100.307
2672000 101.314
2673000 91.6794
2674000 101.978
2675000 98.9639
2676000 93.2739
2677000 100.893
2678000 108.165
2679000 104.878
2680000 95.7164
2681000 91.0097
2682000 86.2257
2683000 97.8268
2684000 98.4909
2685000 102.615
2686000 100.735
2687000 99.7246
2688000 101.141
2689000 98.0207
2690000 102.268
2691000 102.513
2692000 107.814
2693000 117.571
2694000 106.515
2695000 98.8652
2696000 84.2556
2697000 100.623
2698000 107.111
2699000 102.864
2700000 103.969
2701000 105.081
2702000 99.3096
2703000 99.6525
2704000 105.067
2705000 108.292
2706000 105.024
2707000 101.853
2708000 107.364
2709000 96.9817
2710000 102.905
2711000 103.138
2712000 98.3326
2713000 91.8775
2714000 91.5623
2715000 100.123
2716000 103.106
2717000 103.892
2718000 95.8351
2719000 111.196
2720000 110.334
2721000 109.979
2722000 107.936
2723000 96.8281
2724000 96.8567
2725000 109.562
2726000 107.875
2727000 97.4715
2728000 107.524
2729000 98.8991
2730000 107.15
2731000 107.041
2732000 93.4834
2733000 95.9908
2734000 106.289
2735000 105.285
2736000 96.999
2737000 97.5682
2738000 100.897
2739000 104.054
2740000 96.4396
2741000 102.325
2742000 98.7751
2743000 96.3667
2744000 95.9581
2745000 99.3252
2746000 109.164
2747000 99.5525
2748000 102.478
2749000 95.0716
2750000 108.512
2751000 107.569
2752000 120.983
2753000 103.103
2754000 101.225
2755000 100.701
2756000 105.804
2757000 104.824
2758000 104.995
2759000 106.897
2760000 101.117
2761000 92.3585
2762000 101.121
2763000 94.7775
2764000 103.227
2765000 101.879
2766000 104.99
2767000 101.6
2768000 92.0612
2769000 93.1366
2770000 93.9365
2771000 102.138
2772000 103.527
2773000 106.075
2774000 101.967
2775000 99.4472
2776000 108.551
2777000 103.412
2778000 114.121
2779000 99.522
2780000 112.67
2781000 103.051
2782000 89.2454
2783000 99.9669
2784000 105.26
2785000 103.66
2786000 103.679
2787000 117.603
2788000 101.659
2789000 103.104
2790000 117.586
2791000 106.094
2792000 93.073
2793000 105.095
2794000 99.4153
2795000 86.5055
2796000 91.3664
2797000 102.981
2798000 99.6121
2799000 106.612
2800000 105.512
2801000 107.152
2802000 111.748
2803000 112.097
2804000 110.657
2805000 111.638
2806000 108.506
2807000 104.37
2808000 101.179
2809000 109.509
2810000 99.342
2811000 97.5662
2812000 101.459
2813000 99.0798
2814000 98.2106
2815000 108.265
2816000 114.561
2817000 110.134
2818000 105.011
2819000 98.6423
2820000 100.012
2821000 100.099
2822000 102.859
2823000 109.213
2824000 103.779
2825000 113.941
2826000 108.209
2827000 110.681
