# Time-averaged data for fix myfixR2
# TimeStep c_R2[0]
101000 34.3127
102000 34.3486
103000 34.2317
104000 34.1844
105000 34.257
106000 34.2286
107000 34.1411
108000 34.0809
109000 33.9742
110000 33.8773
111000 33.8511
112000 33.825
113000 33.8918
114000 33.9567
115000 33.9712
116000 33.8946
117000 33.8471
118000 33.8192
119000 33.7338
120000 33.6936
121000 33.6497
122000 33.6378
123000 33.6034
124000 33.5416
125000 33.5189
126000 33.5364
127000 33.6335
128000 33.6828
129000 33.6802
130000 33.6458
131000 33.616
132000 33.5415
133000 33.441
134000 33.3576
135000 33.3159
136000 33.2782
137000 33.266
138000 33.281
139000 33.2538
140000 33.2206
141000 33.1166
142000 33.0413
143000 33.0561
144000 33.1716
145000 33.3884
146000 33.5376
147000 33.5668
148000 33.4722
149000 33.3802
150000 33.3538
151000 33.3498
152000 33.3843
153000 33.4569
154000 33.5504
155000 33.5673
156000 33.5247
157000 33.5773
158000 33.6131
159000 33.6192
160000 33.575
161000 33.5474
162000 33.6239
163000 33.6304
164000 33.5325
165000 33.4123
166000 33.3701
167000 33.3199
168000 33.2679
169000 33.1455
170000 33.1092
171000 33.1126
172000 33.1771
173000 33.2009
174000 33.153
175000 33.0708
176000 33.1122
177000 33.1438
178000 33.1836
179000 33.1943
180000 33.1629
181000 33.0947
182000 33.0854
183000 33.0629
184000 33.0446
185000 33.0999
186000 33.1286
187000 33.0983
188000 33.0579
189000 32.9638
190000 32.9442
191000 32.9397
192000 32.9606
193000 32.9651
194000 32.8428
195000 32.758
196000 32.7645
197000 32.8099
198000 32.861
199000 32.8918
200000 32.9069
201000 32.8681
202000 32.8446
203000 32.8664
204000 32.9739
205000 32.9833
206000 32.9634
207000 33.0011
208000 33.0324
209000 32.983
210000 32.9311
211000 32.9199
212000 32.9061
213000 32.933
214000 32.9473
215000 32.9739
216000 33.0427
217000 33.0633
218000 33.062
219000 33.1038
220000 33.1374
221000 33.0962
222000 32.96
223000 32.8474
224000 32.8491
225000 32.8136
226000 32.7382
227000 32.7742
228000 32.8206
229000 32.8659
230000 32.8845
231000 32.8868
232000 32.8356
233000 32.776
234000 32.7442
235000 32.7839
236000 32.8479
237000 32.8806
238000 32.8161
239000 32.7947
240000 32.745
241000 32.6714
242000 32.6284
243000 32.5896
244000 32.5676
245000 32.4834
246000 32.3992
247000 32.3654
248000 32.3627
249000 32.3296
250000 32.3368
251000 32.3683
252000 32.3413
253000 32.3491
254000 32.3613
255000 32.3327
256000 32.2312
257000 32.1763
258000 32.0771
259000 32.0064
260000 31.9489
261000 31.928
262000 32.0382
263000 32.1257
264000 32.1117
265000 32.0663
266000 32.0433
267000 31.9829
268000 31.9389
269000 31.917
270000 31.8404
271000 31.735
272000 31.7267
273000 31.7225
274000 31.7258
275000 31.7161
276000 31.7324
277000 31.8175
278000 31.8447
279000 31.8443
280000 31.8343
281000 31.776
282000 31.7395
283000 31.766
284000 31.7587
285000 31.726
286000 31.7393
287000 31.7113
288000 31.7172
289000 31.7865
290000 31.7943
291000 31.7931
292000 31.7642
293000 31.7659
294000 31.7765
295000 31.7803
296000 31.7991
297000 31.8108
298000 31.7944
299000 31.7956
300000 31.8021
301000 31.7836
302000 31.844
303000 31.8498
304000 31.7771
305000 31.6937
306000 31.6473
307000 31.6959
308000 31.7232
309000 31.69
310000 31.6494
311000 31.6431
312000 31.6688
313000 31.6225
314000 31.631
315000 31.6292
316000 31.6001
317000 31.5783
318000 31.5915
319000 31.537
320000 31.4729
321000 31.3747
322000 31.2482
323000 31.2133
324000 31.2189
325000 31.1415
326000 31.1153
327000 31.1328
328000 31.0994
329000 31.0262
330000 30.9694
331000 30.918
332000 30.8394
333000 30.7999
334000 30.7784
335000 30.805
336000 30.7932
337000 30.8262
338000 30.8387
339000 30.7903
340000 30.7521
341000 30.677
342000 30.6088
343000 30.5318
344000 30.5293
345000 30.5829
346000 30.5015
347000 30.3551
348000 30.2108
349000 30.1477
350000 30.143
351000 30.1132
352000 30.1036
353000 30.0994
354000 29.9941
355000 29.8164
356000 29.746
357000 29.7757
358000 29.8439
359000 29.8819
360000 29.9245
361000 29.9434
362000 29.9007
363000 29.8805
364000 29.8749
365000 29.7215
366000 29.5757
367000 29.5237
368000 29.482
369000 29.4673
370000 29.4231
371000 29.4079
372000 29.4503
373000 29.4694
374000 29.4516
375000 29.475
376000 29.5057
377000 29.5028
378000 29.412
379000 29.3344
380000 29.304
381000 29.301
382000 29.2052
383000 29.1623
384000 29.1785
385000 29.1792
386000 29.1219
387000 29.1085
388000 29.0989
389000 29.0807
390000 29.0632
391000 29.0532
392000 29.0323
393000 29.0074
394000 28.9917
395000 29.0203
396000 28.9774
397000 28.9344
398000 28.9467
399000 28.9613
400000 28.9812
401000 29.0338
402000 29.0479
403000 29.0695
404000 29.0231
405000 28.9484
406000 28.8942
407000 28.8319
408000 28.7621
409000 28.6902
410000 28.6151
411000 28.6048
412000 28.6455
413000 28.7144
414000 28.7307
415000 28.7707
416000 28.8427
417000 28.8102
418000 28.7829
419000 28.7699
420000 28.8397
421000 28.9001
422000 28.8949
423000 28.9387
424000 28.9805
425000 29.0152
426000 29.0424
427000 29.0704
428000 29.145
429000 29.1177
430000 29.0846
431000 28.9566
432000 28.9385
433000 28.9849
434000 28.9075
435000 28.8668
436000 28.8668
437000 28.8436
438000 28.8063
439000 28.8701
440000 28.9994
441000 29.0522
442000 29.0291
443000 29.019
444000 29.0601
445000 29.1026
446000 29.0448
447000 29.0038
448000 28.9776
449000 28.9655
450000 28.9662
451000 28.9563
452000 28.9555
453000 28.9758
454000 28.9763
455000 28.9713
456000 29.0261
457000 29.0429
458000 28.9791
459000 28.9061
460000 28.934
461000 28.9622
462000 28.9549
463000 28.9813
464000 28.9191
465000 28.8761
466000 28.838
467000 28.9261
468000 29.1097
469000 29.2562
470000 29.3738
471000 29.4398
472000 29.5242
473000 29.5575
474000 29.5591
475000 29.5279
476000 29.5576
477000 29.5986
478000 29.6176
479000 29.6344
480000 29.661
481000 29.7188
482000 29.7043
483000 29.6479
484000 29.5944
485000 29.6364
486000 29.6958
487000 29.6931
488000 29.6117
489000 29.6025
490000 29.6565
491000 29.6713
492000 29.6356
493000 29.5442
494000 29.4905
495000 29.4722
496000 29.4007
497000 29.3139
498000 29.1893
499000 29.1276
500000 29.0959
501000 29.0892
502000 29.0471
503000 29.0569
504000 29.0384
505000 29.0448
506000 29.0667
507000 29.0097
508000 28.9627
509000 28.8927
510000 28.7961
511000 28.7875
512000 28.8534
513000 28.8265
514000 28.8245
515000 28.7772
516000 28.6482
517000 28.5169
518000 28.4454
519000 28.4063
520000 28.4596
521000 28.5268
522000 28.6292
523000 28.7156
524000 28.7606
525000 28.7105
526000 28.727
527000 28.7601
528000 28.7407
529000 28.7197
530000 28.7458
531000 28.7076
532000 28.6512
533000 28.6209
534000 28.6743
535000 28.7951
536000 28.9152
537000 28.8679
538000 28.8865
539000 28.909
540000 28.9541
541000 29.0832
542000 29.1715
543000 29.1854
544000 29.1683
545000 29.1733
546000 29.2277
547000 29.2921
548000 29.3118
549000 29.3324
550000 29.3226
551000 29.2709
552000 29.2366
553000 29.1324
554000 29.0149
555000 28.9559
556000 28.9333
557000 28.9225
558000 28.9268
559000 28.9374
560000 28.9704
561000 28.9775
562000 28.9818
563000 28.9877
564000 28.977
565000 29.0417
566000 29.1248
567000 29.1512
568000 29.1717
569000 29.153
570000 29.1299
571000 29.0799
572000 29.0726
573000 29.0473
574000 28.9619
575000 28.9242
576000 28.8993
577000 28.8542
578000 28.8618
579000 28.9115
580000 29.0395
581000 29.0723
582000 29.0416
583000 29.0608
584000 29.0558
585000 29.0749
586000 29.1352
587000 29.1915
588000 29.2466
589000 29.2857
590000 29.2794
591000 29.2322
592000 29.29
593000 29.3516
594000 29.4005
595000 29.3482
596000 29.2438
597000 29.2236
598000 29.2256
599000 29.2347
600000 29.3071
601000 29.3312
602000 29.3432
603000 29.3504
604000 29.321
605000 29.2222
606000 29.1674
607000 29.1359
608000 29.0111
609000 28.8915
610000 28.8106
611000 28.7946
612000 28.8269
613000 28.8083
614000 28.8119
615000 28.8561
616000 28.8847
617000 28.9017
618000 28.9171
619000 28.8321
620000 28.7639
621000 28.8297
622000 28.8147
623000 28.8471
624000 28.825
625000 28.8193
626000 28.7684
627000 28.7351
628000 28.7536
629000 28.7644
630000 28.783
631000 28.79
632000 28.7986
633000 28.8324
634000 28.8213
635000 28.8084
636000 28.7978
637000 28.7134
638000 28.7098
639000 28.7128
640000 28.6783
641000 28.642
642000 28.5888
643000 28.55
644000 28.5131
645000 28.4506
646000 28.3987
647000 28.3173
648000 28.2433
649000 28.2226
650000 28.1518
651000 28.1671
652000 28.1744
653000 28.1954
654000 28.1741
655000 28.0674
656000 27.9099
657000 27.8534
658000 27.8395
659000 27.8185
660000 27.771
661000 27.6867
662000 27.6048
663000 27.4844
664000 27.4717
665000 27.3947
666000 27.2652
667000 27.1387
668000 27.1244
669000 27.0092
670000 26.9218
671000 26.8922
672000 26.9158
673000 26.9782
674000 27.0695
675000 27.1057
676000 27.0731
677000 27.0369
678000 26.9625
679000 26.9471
680000 26.9527
681000 26.9036
682000 26.8735
683000 26.9246
684000 26.999
685000 27.1265
686000 27.2013
687000 27.2789
688000 27.3422
689000 27.3956
690000 27.4276
691000 27.4693
692000 27.5628
693000 27.5116
694000 27.4523
695000 27.3361
696000 27.2467
697000 27.1774
698000 27.1172
699000 27.0267
700000 27.0203
701000 26.9516
702000 26.8809
703000 26.8715
704000 26.9223
705000 27.0283
706000 27.0769
707000 27.0497
708000 27.0433
709000 27.0441
710000 27.0097
711000 27.013
712000 27.0013
713000 26.9325
714000 26.862
715000 26.7643
716000 26.7186
717000 26.7379
718000 26.735
719000 26.6918
720000 26.7319
721000 26.8118
722000 26.8907
723000 26.8753
724000 26.814
725000 26.781
726000 26.8077
727000 26.8041
728000 26.7909
729000 26.8148
730000 26.7741
731000 26.7078
732000 26.6597
733000 26.6048
734000 26.5388
735000 26.5546
736000 26.5609
737000 26.5841
738000 26.6362
739000 26.6293
740000 26.585
741000 26.5374
742000 26.5621
743000 26.6723
744000 26.7612
745000 26.8483
746000 26.9068
747000 26.9763
748000 27.0463
749000 27.1003
750000 27.1408
751000 27.1262
752000 27.0367
753000 26.9788
754000 26.8852
755000 26.745
756000 26.619
757000 26.6106
758000 26.5941
759000 26.4801
760000 26.352
761000 26.28
762000 26.3335
763000 26.3761
764000 26.3994
765000 26.4272
766000 26.4371
767000 26.491
768000 26.6423
769000 26.7153
770000 26.687
771000 26.7249
772000 26.8077
773000 26.8103
774000 26.7918
775000 26.8123
776000 26.8606
777000 26.8302
778000 26.7799
779000 26.759
780000 26.6564
781000 26.6248
782000 26.6276
783000 26.5415
784000 26.3999
785000 26.32
786000 26.2205
787000 26.1344
788000 26.0878
789000 26.163
790000 26.2278
791000 26.2212
792000 26.2122
793000 26.163
794000 26.1494
795000 26.1809
796000 26.1441
797000 26.128
798000 26.0846
799000 26.0378
800000 26.0048
801000 26.0952
802000 26.071
803000 25.9319
804000 25.8401
805000 25.788
806000 25.733
807000 25.6804
808000 25.6162
809000 25.5738
810000 25.5786
811000 25.5972
812000 25.5616
813000 25.5124
814000 25.4368
815000 25.38
816000 25.32
817000 25.2176
818000 25.1781
819000 25.1608
820000 25.1574
821000 25.1428
822000 25.1692
823000 25.2655
824000 25.3557
825000 25.3652
826000 25.3128
827000 25.2337
828000 25.1029
829000 24.972
830000 24.9408
831000 24.8558
832000 24.7254
833000 24.6923
834000 24.6973
835000 24.6742
836000 24.6575
837000 24.6677
838000 24.6591
839000 24.6696
840000 24.6658
841000 24.5649
842000 24.4831
843000 24.4373
844000 24.3788
845000 24.3313
846000 24.2578
847000 24.2312
848000 24.1983
849000 24.133
850000 24.181
851000 24.2872
852000 24.2924
853000 24.2847
854000 24.2375
855000 24.1713
856000 24.209
857000 24.3719
858000 24.4895
859000 24.5688
860000 24.626
861000 24.5765
862000 24.5141
863000 24.4557
864000 24.3704
865000 24.2842
866000 24.2252
867000 24.2067
868000 24.1346
869000 24.0345
870000 23.9985
871000 24.0811
872000 24.2037
873000 24.2606
874000 24.2626
875000 24.2609
876000 24.3213
877000 24.3477
878000 24.3486
879000 24.3322
880000 24.2886
881000 24.2196
882000 24.1583
883000 24.161
884000 24.1617
885000 24.0542
886000 23.9875
887000 23.9614
888000 23.9833
889000 24.0002
890000 24.0223
891000 24.0194
892000 24.0267
893000 24.0218
894000 23.9839
895000 23.9839
896000 24.0088
897000 23.9827
898000 23.9822
899000 23.9534
900000 23.9712
901000 23.9363
902000 23.9554
903000 23.9009
904000 23.8791
905000 23.9773
906000 23.9503
907000 23.8779
908000 23.9657
909000 24.0111
910000 23.9409
911000 23.8978
912000 23.8962
913000 23.914
914000 23.8946
915000 23.8436
916000 23.7471
917000 23.6633
918000 23.6519
919000 23.6942
920000 23.6334
921000 23.6177
922000 23.6261
923000 23.5878
924000 23.4387
925000 23.4357
926000 23.464
927000 23.4468
928000 23.3986
929000 23.2872
930000 23.109
931000 22.9192
932000 22.8371
933000 22.9017
934000 22.9518
935000 22.9922
936000 23.0116
937000 23.0136
938000 23.0163
939000 23.0027
940000 23.0341
941000 23.0805
942000 23.0825
943000 23.0325
944000 22.9601
945000 22.8725
946000 22.7414
947000 22.5971
948000 22.5637
949000 22.5784
950000 22.6137
951000 22.6693
952000 22.6883
953000 22.6991
954000 22.741
955000 22.6773
956000 22.6456
957000 22.6075
958000 22.5636
959000 22.4901
960000 22.4443
961000 22.4377
962000 22.411
963000 22.3422
964000 22.3389
965000 22.3424
966000 22.3529
967000 22.3773
968000 22.3873
969000 22.3674
970000 22.3319
971000 22.243
972000 22.1813
973000 22.1554
974000 22.1711
975000 22.1827
976000 22.1932
977000 22.2366
978000 22.2487
979000 22.2032
980000 22.2319
981000 22.2902
982000 22.3654
983000 22.347
984000 22.3486
985000 22.417
986000 22.4823
987000 22.5489
988000 22.6447
989000 22.6264
990000 22.5547
991000 22.5272
992000 22.4952
993000 22.5042
994000 22.4795
995000 22.4126
996000 22.3337
997000 22.3264
998000 22.3323
999000 22.3812
1000000 22.3966
1001000 22.3884
1002000 22.361
1003000 22.3017
1004000 22.179
1005000 22.1088
1006000 22.031
1007000 21.9536
1008000 21.9191
1009000 21.947
1010000 21.9527
1011000 21.9435
1012000 22.0068
1013000 22.0467
1014000 22.0737
1015000 22.0742
1016000 22.101
1017000 22.1115
1018000 22.1033
1019000 22.1399
1020000 22.2261
1021000 22.2431
1022000 22.2198
1023000 22.2178
1024000 22.2187
1025000 22.2373
1026000 22.2118
1027000 22.1868
1028000 22.1691
1029000 22.14
1030000 22.0102
1031000 21.9224
1032000 21.8457
1033000 21.7229
1034000 21.6568
1035000 21.6795
1036000 21.6975
1037000 21.735
1038000 21.8278
1039000 21.8813
1040000 21.9185
1041000 22.0105
1042000 22.0759
1043000 22.0762
1044000 22.0105
1045000 21.9314
1046000 21.836
1047000 21.7249
1048000 21.6328
1049000 21.5785
1050000 21.6306
1051000 21.6441
1052000 21.5709
1053000 21.4539
1054000 21.3731
1055000 21.3398
1056000 21.351
1057000 21.4293
1058000 21.4726
1059000 21.4379
1060000 21.3657
1061000 21.2678
1062000 21.2747
1063000 21.2648
1064000 21.2703
1065000 21.291
1066000 21.3891
1067000 21.4664
1068000 21.4971
1069000 21.5633
1070000 21.5926
1071000 21.616
1072000 21.6489
1073000 21.5847
1074000 21.5377
1075000 21.5113
1076000 21.4297
1077000 21.3287
1078000 21.3047
1079000 21.3516
1080000 21.4214
1081000 21.4256
1082000 21.5076
1083000 21.5737
1084000 21.6263
1085000 21.6329
1086000 21.6359
1087000 21.6085
1088000 21.5731
1089000 21.6076
1090000 21.5765
1091000 21.4862
1092000 21.3903
1093000 21.3256
1094000 21.325
1095000 21.2547
1096000 21.0866
1097000 21.0379
1098000 21.0503
1099000 21.0926
1100000 21.1865
1101000 21.2353
1102000 21.2443
1103000 21.3078
1104000 21.3
1105000 21.2701
1106000 21.2681
1107000 21.3086
1108000 21.3905
1109000 21.4052
1110000 21.3725
1111000 21.3827
1112000 21.362
1113000 21.3264
1114000 21.3371
1115000 21.3528
1116000 21.331
1117000 21.239
1118000 21.1148
1119000 21.0209
1120000 21.0048
1121000 21.0254
1122000 21.0177
1123000 21.0089
1124000 20.9774
1125000 20.9553
1126000 20.9322
1127000 20.8217
1128000 20.8102
1129000 20.8706
1130000 20.9679
1131000 21.024
1132000 21.0618
1133000 21.0749
1134000 21.0943
1135000 21.1153
1136000 21.1343
1137000 21.1132
1138000 21.0777
1139000 21.0072
1140000 20.9789
1141000 20.9543
1142000 20.9606
1143000 21.0244
1144000 21.0995
1145000 21.1394
1146000 21.1667
1147000 21.18
1148000 21.1655
1149000 21.1972
1150000 21.1684
1151000 21.1044
1152000 21.0984
1153000 21.0808
1154000 21.0584
1155000 21.0261
1156000 21.0107
1157000 20.9859
1158000 20.8948
1159000 20.8721
1160000 20.8535
1161000 20.7932
1162000 20.7205
1163000 20.6765
1164000 20.6796
1165000 20.697
1166000 20.7257
1167000 20.6604
1168000 20.6164
1169000 20.5767
1170000 20.507
1171000 20.4541
1172000 20.3988
1173000 20.4163
1174000 20.418
1175000 20.417
1176000 20.456
1177000 20.4717
1178000 20.4481
1179000 20.5353
1180000 20.6069
1181000 20.6568
1182000 20.7376
1183000 20.7726
1184000 20.7972
1185000 20.8678
1186000 20.9228
1187000 20.9657
1188000 20.9887
1189000 20.965
1190000 20.9598
1191000 20.9651
1192000 20.9375
1193000 20.8863
1194000 20.941
1195000 21.0683
1196000 21.1792
1197000 21.2116
1198000 21.1964
1199000 21.1808
1200000 21.1722
1201000 21.2169
1202000 21.2209
1203000 21.1332
1204000 21.0891
1205000 21.1087
1206000 21.0341
1207000 20.9459
1208000 20.9756
1209000 20.9989
1210000 21.0135
1211000 21.0291
1212000 21.0186
1213000 20.9433
1214000 20.8678
1215000 20.8249
1216000 20.8284
1217000 20.839
1218000 20.8553
1219000 20.8396
1220000 20.7459
1221000 20.721
1222000 20.8031
1223000 20.7908
1224000 20.7859
1225000 20.8428
1226000 20.8371
1227000 20.7437
1228000 20.7372
1229000 20.7937
1230000 20.8413
1231000 20.8911
1232000 20.926
1233000 20.8715
1234000 20.7991
1235000 20.7501
1236000 20.7173
1237000 20.646
1238000 20.5787
1239000 20.5771
1240000 20.5805
1241000 20.6063
1242000 20.6769
1243000 20.6581
1244000 20.7647
1245000 20.851
1246000 20.8123
1247000 20.7805
1248000 20.8125
1249000 20.8714
1250000 20.9148
1251000 20.8928
1252000 20.8916
1253000 20.9313
1254000 20.9149
1255000 20.8854
1256000 20.8266
1257000 20.7878
1258000 20.8144
1259000 20.7922
1260000 20.7422
1261000 20.7621
1262000 20.7884
1263000 20.7791
1264000 20.8234
1265000 20.8245
1266000 20.7082
1267000 20.6289
1268000 20.5565
1269000 20.5301
1270000 20.534
1271000 20.5469
1272000 20.4916
1273000 20.4312
1274000 20.3856
1275000 20.3974
1276000 20.4138
1277000 20.4378
1278000 20.5064
1279000 20.5859
1280000 20.5976
1281000 20.6283
1282000 20.6137
1283000 20.5709
1284000 20.5129
1285000 20.4447
1286000 20.4237
1287000 20.3768
1288000 20.3691
1289000 20.2902
1290000 20.2106
1291000 20.1626
1292000 20.0999
1293000 20.1062
1294000 20.127
1295000 20.1184
1296000 20.096
1297000 20.1086
1298000 20.1096
1299000 20.0918
1300000 20.127
1301000 20.2189
1302000 20.2718
1303000 20.3393
1304000 20.4325
1305000 20.4767
1306000 20.4737
1307000 20.4478
1308000 20.3535
1309000 20.2543
1310000 20.144
1311000 20.0472
1312000 19.9308
1313000 19.8594
1314000 19.8443
1315000 19.8883
1316000 19.8609
1317000 19.7964
1318000 19.7651
1319000 19.7939
1320000 19.8735
1321000 19.8833
1322000 19.9308
1323000 19.8944
1324000 19.7877
1325000 19.7353
1326000 19.7534
1327000 19.8297
1328000 19.9213
1329000 20.0344
1330000 20.1117
1331000 20.1671
1332000 20.2302
1333000 20.2442
1334000 20.2419
1335000 20.2745
1336000 20.2992
1337000 20.2761
1338000 20.2283
1339000 20.2353
1340000 20.2845
1341000 20.3374
1342000 20.3436
1343000 20.2338
1344000 20.1567
1345000 20.0938
1346000 20.0374
1347000 20.0356
1348000 20.0447
1349000 20.0647
1350000 20.0154
1351000 19.9709
1352000 19.9329
1353000 19.9356
1354000 19.9742
1355000 19.9924
1356000 19.9856
1357000 19.934
1358000 19.9786
1359000 20.0141
1360000 19.9928
1361000 19.9788
1362000 19.9846
1363000 19.9756
1364000 19.9881
1365000 20.0069
1366000 20.0241
1367000 20.0593
1368000 20.1061
1369000 20.0842
1370000 20.1309
1371000 20.1807
1372000 20.2561
1373000 20.3412
1374000 20.3583
1375000 20.3601
1376000 20.3641
1377000 20.2792
1378000 20.2473
1379000 20.3102
1380000 20.3351
1381000 20.2901
1382000 20.2558
1383000 20.2233
1384000 20.1987
1385000 20.0987
1386000 20.0128
1387000 19.9265
1388000 19.8695
1389000 19.8088
1390000 19.7529
1391000 19.7273
1392000 19.6907
1393000 19.6719
1394000 19.6855
1395000 19.7654
1396000 19.8037
1397000 19.8265
1398000 19.8738
1399000 19.8554
1400000 19.8449
1401000 19.8343
1402000 19.8485
1403000 19.8682
1404000 19.8796
1405000 19.8987
1406000 19.9701
1407000 20.0714
1408000 20.1333
1409000 20.1888
1410000 20.2077
1411000 20.2589
1412000 20.3763
1413000 20.4842
1414000 20.5698
1415000 20.5559
1416000 20.5729
1417000 20.665
1418000 20.7537
1419000 20.8116
1420000 20.821
1421000 20.8816
1422000 20.8592
1423000 20.816
1424000 20.8308
1425000 20.8223
1426000 20.8178
1427000 20.8296
1428000 20.8842
1429000 20.9255
1430000 20.9101
1431000 20.88
1432000 20.9204
1433000 21.0419
1434000 21.1406
1435000 21.2008
1436000 21.1982
1437000 21.1943
1438000 21.1932
1439000 21.2485
1440000 21.238
1441000 21.16
1442000 21.1271
1443000 21.1462
1444000 21.1817
1445000 21.1804
1446000 21.0733
1447000 21.0077
1448000 20.9009
1449000 20.7953
1450000 20.6979
1451000 20.6407
1452000 20.5904
1453000 20.5848
1454000 20.5808
1455000 20.6162
1456000 20.6574
1457000 20.739
1458000 20.8276
1459000 20.7761
1460000 20.6547
1461000 20.5791
1462000 20.5668
1463000 20.5909
1464000 20.6034
1465000 20.6187
1466000 20.6192
1467000 20.6097
1468000 20.6294
1469000 20.6178
1470000 20.6561
1471000 20.7222
1472000 20.6935
1473000 20.5744
1474000 20.5034
1475000 20.4966
1476000 20.5605
1477000 20.5984
1478000 20.6115
1479000 20.5828
1480000 20.5584
1481000 20.5774
1482000 20.4963
1483000 20.4722
1484000 20.4707
1485000 20.5094
1486000 20.557
1487000 20.6352
1488000 20.7029
1489000 20.7039
1490000 20.7132
1491000 20.7115
1492000 20.6872
1493000 20.6192
1494000 20.5174
1495000 20.3873
1496000 20.3798
1497000 20.4068
1498000 20.4007
1499000 20.4232
1500000 20.4683
1501000 20.5602
1502000 20.5863
1503000 20.521
1504000 20.4688
1505000 20.4702
1506000 20.563
1507000 20.5871
1508000 20.5881
1509000 20.6493
1510000 20.7312
1511000 20.7547
1512000 20.7517
1513000 20.8069
1514000 20.8332
1515000 20.8129
1516000 20.8169
1517000 20.8516
1518000 20.7838
1519000 20.741
1520000 20.7272
1521000 20.7267
1522000 20.7487
1523000 20.7431
1524000 20.7158
1525000 20.7391
1526000 20.818
1527000 20.8721
1528000 20.9009
1529000 20.9308
1530000 20.9533
1531000 20.8832
1532000 20.8898
1533000 20.9049
1534000 20.993
1535000 21.0499
1536000 21.1004
1537000 21.0959
1538000 21.133
1539000 21.1185
1540000 21.0155
1541000 20.9245
1542000 20.9287
1543000 20.9368
1544000 20.9029
1545000 20.8463
1546000 20.8482
1547000 20.9122
1548000 20.9742
1549000 21.0093
1550000 20.9892
1551000 20.9788
1552000 20.895
1553000 20.8927
1554000 20.942
1555000 20.912
1556000 20.8756
1557000 20.8144
1558000 20.7805
1559000 20.7872
1560000 20.7954
1561000 20.724
1562000 20.6414
1563000 20.6591
1564000 20.7137
1565000 20.681
1566000 20.6984
1567000 20.6478
1568000 20.5587
1569000 20.4974
1570000 20.4861
1571000 20.5394
1572000 20.6038
1573000 20.64
1574000 20.7324
1575000 20.8351
1576000 20.9253
1577000 20.9593
1578000 20.998
1579000 21.0011
1580000 20.9528
1581000 20.8818
1582000 20.8264
1583000 20.7754
1584000 20.7535
1585000 20.791
1586000 20.8306
1587000 20.8828
1588000 20.9544
1589000 21.0424
1590000 21.1677
1591000 21.222
1592000 21.2543
1593000 21.2922
1594000 21.3334
1595000 21.3526
1596000 21.2818
1597000 21.333
1598000 21.3855
1599000 21.4109
1600000 21.4525
1601000 21.5483
1602000 21.5839
1603000 21.5594
1604000 21.5207
1605000 21.5126
1606000 21.5232
1607000 21.5447
1608000 21.5458
1609000 21.5059
1610000 21.522
1611000 21.5075
1612000 21.5117
1613000 21.5415
1614000 21.5772
1615000 21.5873
1616000 21.5998
1617000 21.5187
1618000 21.3324
1619000 21.1065
1620000 21.0324
1621000 21.0626
1622000 21.0779
1623000 21.0786
1624000 21.0392
1625000 20.9828
1626000 20.9239
1627000 20.8289
1628000 20.7978
1629000 20.8153
1630000 20.8035
1631000 20.7981
1632000 20.7892
1633000 20.8017
1634000 20.7902
1635000 20.7061
1636000 20.7261
1637000 20.7756
1638000 20.7958
1639000 20.7816
1640000 20.8209
1641000 20.9596
1642000 20.9765
1643000 20.9723
1644000 21.0085
1645000 21.0328
1646000 21.0952
1647000 21.1915
1648000 21.3127
1649000 21.3968
1650000 21.4399
1651000 21.4215
1652000 21.3483
1653000 21.3014
1654000 21.3309
1655000 21.3043
1656000 21.2773
1657000 21.2455
1658000 21.2628
1659000 21.309
1660000 21.2849
1661000 21.2961
1662000 21.2677
1663000 21.2171
1664000 21.152
1665000 21.1035
1666000 21.0202
1667000 20.9508
1668000 20.9374
1669000 20.8685
1670000 20.7989
1671000 20.7924
1672000 20.7265
1673000 20.662
1674000 20.603
1675000 20.6272
1676000 20.6224
1677000 20.6098
1678000 20.6037
1679000 20.6523
1680000 20.6652
1681000 20.6631
1682000 20.5474
1683000 20.4872
1684000 20.5086
1685000 20.557
1686000 20.6301
1687000 20.7342
1688000 20.8603
1689000 20.9353
1690000 20.9433
1691000 20.9381
1692000 20.9676
1693000 21.0588
1694000 21.1229
1695000 21.1732
1696000 21.2379
1697000 21.2561
1698000 21.276
1699000 21.267
1700000 21.2608
1701000 21.2642
1702000 21.2863
1703000 21.2184
1704000 21.1422
1705000 21.1226
1706000 21.1948
1707000 21.263
1708000 21.2674
1709000 21.2476
1710000 21.2733
1711000 21.323
1712000 21.334
1713000 21.3605
1714000 21.3448
1715000 21.2657
1716000 21.1403
1717000 20.9901
1718000 20.884
1719000 20.8079
1720000 20.8092
1721000 20.8471
1722000 20.8557
1723000 20.839
1724000 20.8343
1725000 20.8757
1726000 20.8963
1727000 20.9282
1728000 20.9682
1729000 21.0383
1730000 21.0179
1731000 20.9784
1732000 20.9511
1733000 20.8902
1734000 20.8213
1735000 20.7141
1736000 20.6703
1737000 20.6517
1738000 20.6715
1739000 20.7035
1740000 20.7743
1741000 20.8326
1742000 20.8694
1743000 20.9573
1744000 20.923
1745000 20.8456
1746000 20.8227
1747000 20.8022
1748000 20.7699
1749000 20.7833
1750000 20.7928
1751000 20.7954
1752000 20.8087
1753000 20.859
1754000 20.8797
1755000 20.8523
1756000 20.7767
1757000 20.695
1758000 20.6376
1759000 20.5984
1760000 20.5241
1761000 20.5044
1762000 20.5102
1763000 20.5627
1764000 20.6128
1765000 20.5895
1766000 20.6021
1767000 20.6048
1768000 20.5755
1769000 20.5289
1770000 20.5271
1771000 20.5868
1772000 20.6514
1773000 20.6658
1774000 20.653
1775000 20.6308
1776000 20.6345
1777000 20.6578
1778000 20.6929
1779000 20.7075
1780000 20.7534
1781000 20.7533
1782000 20.7559
1783000 20.7065
1784000 20.6852
1785000 20.7249
1786000 20.7109
1787000 20.7721
1788000 20.848
1789000 20.8633
1790000 20.8305
1791000 20.8605
1792000 20.924
1793000 20.9045
1794000 20.8133
1795000 20.7621
1796000 20.6959
1797000 20.6288
1798000 20.5305
1799000 20.4724
1800000 20.4313
1801000 20.4058
1802000 20.3866
1803000 20.369
1804000 20.3586
1805000 20.3143
1806000 20.3367
1807000 20.4368
1808000 20.5527
1809000 20.5882
1810000 20.5282
1811000 20.4442
1812000 20.3839
1813000 20.3966
1814000 20.4683
1815000 20.487
1816000 20.4782
1817000 20.5263
1818000 20.5513
1819000 20.5982
1820000 20.6505
1821000 20.7376
1822000 20.8691
1823000 20.9777
1824000 20.9724
1825000 20.9711
1826000 20.9531
1827000 20.9584
1828000 20.9551
1829000 20.9231
1830000 20.8682
1831000 20.85
1832000 20.8181
1833000 20.8149
1834000 20.8174
1835000 20.8073
1836000 20.8274
1837000 20.8213
1838000 20.7656
1839000 20.6843
1840000 20.6608
1841000 20.6605
1842000 20.6142
1843000 20.5965
1844000 20.603
1845000 20.6035
1846000 20.6206
1847000 20.6529
1848000 20.7117
1849000 20.6472
1850000 20.5741
1851000 20.4826
1852000 20.4436
1853000 20.3952
1854000 20.364
1855000 20.3163
1856000 20.3359
1857000 20.2721
1858000 20.2707
1859000 20.3156
1860000 20.3428
1861000 20.3386
1862000 20.2837
1863000 20.2386
1864000 20.2649
1865000 20.2506
1866000 20.2663
1867000 20.2539
1868000 20.1733
1869000 20.1439
1870000 20.1348
1871000 20.0667
1872000 20.0186
1873000 19.9745
1874000 19.9653
1875000 20.0277
1876000 20.0146
1877000 19.9866
1878000 20.0317
1879000 20.07
1880000 20.0043
1881000 19.9352
1882000 19.8594
1883000 19.875
1884000 19.9016
1885000 19.8351
1886000 19.7077
1887000 19.5815
1888000 19.5299
1889000 19.5284
1890000 19.484
1891000 19.4473
1892000 19.3947
1893000 19.3053
1894000 19.2329
1895000 19.1621
1896000 19.1148
1897000 19.0884
1898000 19.0372
1899000 18.9489
1900000 18.8776
1901000 18.7835
1902000 18.6775
1903000 18.6083
1904000 18.5567
1905000 18.5297
1906000 18.4906
1907000 18.4762
1908000 18.5133
1909000 18.5728
1910000 18.584
1911000 18.5411
1912000 18.5134
1913000 18.515
1914000 18.4679
1915000 18.4259
1916000 18.4936
1917000 18.6023
1918000 18.6187
1919000 18.5492
1920000 18.4806
1921000 18.444
1922000 18.3808
1923000 18.2924
1924000 18.2612
1925000 18.2283
1926000 18.1452
1927000 18.0422
1928000 18.0353
1929000 18.0639
1930000 18.0742
1931000 18.0559
1932000 18.0718
1933000 18.0867
1934000 18.0712
1935000 17.9964
1936000 17.9516
1937000 17.9819
1938000 18.0216
1939000 18.0526
1940000 18.1045
1941000 18.0997
1942000 18.0634
1943000 18.0031
1944000 18.034
1945000 18.0714
1946000 18.0961
1947000 18.0506
1948000 17.9767
1949000 17.9136
1950000 17.8704
1951000 17.9172
1952000 17.9299
1953000 17.9061
1954000 17.9628
1955000 18.1221
1956000 18.2875
1957000 18.329
1958000 18.3343
1959000 18.3171
1960000 18.2955
1961000 18.2042
1962000 18.0562
1963000 18.0086
1964000 17.8975
1965000 17.7307
1966000 17.5985
1967000 17.4978
1968000 17.4377
1969000 17.434
1970000 17.3979
1971000 17.3829
1972000 17.3748
1973000 17.3469
1974000 17.3457
1975000 17.3387
1976000 17.2913
1977000 17.2281
1978000 17.2529
1979000 17.3587
1980000 17.4117
1981000 17.4283
1982000 17.4191
1983000 17.417
1984000 17.4482
1985000 17.5175
1986000 17.5677
1987000 17.683
1988000 17.8014
1989000 17.903
1990000 17.9717
1991000 17.9348
1992000 17.8604
1993000 17.8352
1994000 17.8129
1995000 17.8309
1996000 17.8388
1997000 17.7835
1998000 17.777
1999000 17.7268
2000000 17.738
2001000 17.7742
2002000 17.8322
2003000 17.8126
2004000 17.7784
2005000 17.7655
2006000 17.6995
2007000 17.6551
2008000 17.6927
2009000 17.7285
2010000 17.7576
2011000 17.7563
2012000 17.7637
2013000 17.8009
2014000 17.8338
2015000 17.8704
2016000 17.9486
2017000 17.9901
2018000 17.9224
2019000 17.8835
2020000 17.8437
2021000 17.8714
2022000 17.8724
2023000 17.8543
2024000 17.8062
2025000 17.7068
2026000 17.674
2027000 17.6907
2028000 17.6926
2029000 17.6266
2030000 17.4697
2031000 17.4535
2032000 17.531
2033000 17.6397
2034000 17.789
2035000 17.8627
2036000 17.9033
2037000 17.9064
2038000 17.8503
2039000 17.8233
2040000 17.806
2041000 17.8172
2042000 17.8599
2043000 17.816
2044000 17.7683
2045000 17.7944
2046000 17.7882
2047000 17.7755
2048000 17.7968
2049000 17.8189
2050000 17.7956
2051000 17.8014
2052000 17.8143
2053000 17.7768
2054000 17.6731
2055000 17.558
2056000 17.4851
2057000 17.4317
2058000 17.3906
2059000 17.4243
2060000 17.4541
2061000 17.4852
2062000 17.4665
2063000 17.4153
2064000 17.3515
2065000 17.3732
2066000 17.3512
2067000 17.3061
2068000 17.2987
2069000 17.1525
2070000 17.063
2071000 17.0082
2072000 16.9822
2073000 17.0122
2074000 17.0814
2075000 17.0223
2076000 16.9968
2077000 16.9362
2078000 16.927
2079000 16.997
2080000 17.0274
2081000 17
2082000 17.0036
2083000 16.9158
2084000 16.894
2085000 16.9666
2086000 17.0397
2087000 17.0868
2088000 17.0886
2089000 17.0747
2090000 17.0129
2091000 17.0122
2092000 17.0239
2093000 17.0455
2094000 17.0465
2095000 17.0473
2096000 17.0656
2097000 17.021
2098000 17.0372
2099000 17.0437
2100000 17.0285
2101000 17.0518
2102000 16.9985
2103000 16.998
2104000 16.9923
2105000 17.0185
2106000 17.0682
2107000 17.1046
2108000 17.1078
2109000 17.1268
2110000 17.2024
2111000 17.2611
2112000 17.2104
2113000 17.1718
2114000 17.2009
2115000 17.2039
2116000 17.1967
2117000 17.2396
2118000 17.3235
2119000 17.3241
2120000 17.3186
2121000 17.3416
2122000 17.3316
2123000 17.326
2124000 17.2865
2125000 17.2903
2126000 17.3607
2127000 17.4335
2128000 17.4148
2129000 17.4253
2130000 17.4281
2131000 17.4346
2132000 17.4376
2133000 17.4857
2134000 17.5537
2135000 17.6073
2136000 17.7298
2137000 17.7986
2138000 17.799
2139000 17.7476
2140000 17.7207
2141000 17.6945
2142000 17.7245
2143000 17.7299
2144000 17.8203
2145000 17.8767
2146000 17.8055
2147000 17.7007
2148000 17.6102
2149000 17.6525
2150000 17.6058
2151000 17.5274
2152000 17.4892
2153000 17.4403
2154000 17.4436
2155000 17.5453
2156000 17.6156
2157000 17.6832
2158000 17.7553
2159000 17.894
2160000 17.9442
2161000 17.8623
2162000 17.7718
2163000 17.7745
2164000 17.8269
2165000 17.8761
2166000 17.8553
2167000 17.8342
2168000 17.7566
2169000 17.6944
2170000 17.7146
2171000 17.6997
2172000 17.6547
2173000 17.6526
2174000 17.6297
2175000 17.6021
2176000 17.5969
2177000 17.5841
2178000 17.6203
2179000 17.6447
2180000 17.6858
2181000 17.6616
2182000 17.6342
2183000 17.5908
2184000 17.5311
2185000 17.4281
2186000 17.357
2187000 17.2846
2188000 17.1804
2189000 17.1168
2190000 17.0971
2191000 17.1166
2192000 17.1855
2193000 17.2474
2194000 17.2909
2195000 17.2689
2196000 17.2801
2197000 17.2985
2198000 17.3431
2199000 17.337
2200000 17.3613
2201000 17.3407
2202000 17.3433
2203000 17.3283
2204000 17.3281
2205000 17.2803
2206000 17.2608
2207000 17.2032
2208000 17.1684
2209000 17.2249
2210000 17.291
2211000 17.3888
2212000 17.4185
2213000 17.4266
2214000 17.4453
2215000 17.4622
2216000 17.4754
2217000 17.5056
2218000 17.5386
2219000 17.5045
2220000 17.4027
2221000 17.3674
2222000 17.3987
2223000 17.432
2224000 17.4275
2225000 17.409
2226000 17.4164
2227000 17.4754
2228000 17.5081
2229000 17.549
2230000 17.529
2231000 17.528
2232000 17.5186
2233000 17.5123
2234000 17.4896
2235000 17.4887
2236000 17.508
2237000 17.43
2238000 17.3557
2239000 17.443
2240000 17.4704
2241000 17.4708
2242000 17.4609
2243000 17.4555
2244000 17.4025
2245000 17.3447
2246000 17.3281
2247000 17.2997
2248000 17.1674
2249000 17.029
2250000 17.0148
2251000 17.0724
2252000 17.0732
2253000 17.1384
2254000 17.2148
2255000 17.3067
2256000 17.3292
2257000 17.3311
2258000 17.2823
2259000 17.2913
2260000 17.2992
2261000 17.3451
2262000 17.3806
2263000 17.3359
2264000 17.3573
2265000 17.3265
2266000 17.2272
2267000 17.126
2268000 17.0077
2269000 16.8834
2270000 16.786
2271000 16.7431
2272000 16.7776
2273000 16.7507
2274000 16.77
2275000 16.8223
2276000 16.8144
2277000 16.7779
2278000 16.6955
2279000 16.6737
2280000 16.6554
2281000 16.5766
2282000 16.5262
2283000 16.529
2284000 16.5553
2285000 16.5499
2286000 16.5709
2287000 16.5585
2288000 16.514
2289000 16.4946
2290000 16.5482
2291000 16.5832
2292000 16.5093
2293000 16.4656
2294000 16.4765
2295000 16.5384
2296000 16.5804
2297000 16.5781
2298000 16.6212
2299000 16.652
2300000 16.7047
2301000 16.7562
2302000 16.7918
2303000 16.8248
2304000 16.8576
2305000 16.9176
2306000 16.9632
2307000 16.8466
2308000 16.7542
2309000 16.6498
2310000 16.5432
2311000 16.4193
2312000 16.3696
2313000 16.3707
2314000 16.3527
2315000 16.3157
2316000 16.3152
2317000 16.2809
2318000 16.3002
2319000 16.3084
2320000 16.3042
2321000 16.3459
2322000 16.3764
2323000 16.43
2324000 16.4298
2325000 16.4567
2326000 16.5883
2327000 16.7818
2328000 16.9055
2329000 16.9347
2330000 16.9559
2331000 16.8894
2332000 16.8503
2333000 16.8871
2334000 16.9224
2335000 16.9616
2336000 17.0616
2337000 17.1738
2338000 17.207
2339000 17.2442
2340000 17.2732
2341000 17.3206
2342000 17.3437
2343000 17.4226
2344000 17.5316
2345000 17.6106
2346000 17.7167
2347000 17.8599
2348000 17.9522
2349000 18.0151
2350000 17.9889
2351000 17.9739
2352000 17.949
2353000 17.9143
2354000 17.9054
2355000 17.8938
2356000 17.9612
2357000 17.9668
2358000 17.9116
2359000 17.8786
2360000 17.9281
2361000 17.996
2362000 18.0086
2363000 17.9899
2364000 18.0438
2365000 18.0146
2366000 17.9676
2367000 17.8703
2368000 17.805
2369000 17.8317
2370000 17.8255
2371000 17.8418
2372000 17.882
2373000 17.8866
2374000 17.9747
2375000 18.1101
2376000 18.1714
2377000 18.2561
2378000 18.2597
2379000 18.2014
2380000 18.1278
2381000 18.0277
2382000 17.89
2383000 17.6787
2384000 17.5039
2385000 17.4309
2386000 17.3157
2387000 17.1627
2388000 17.1268
2389000 17.171
2390000 17.2169
2391000 17.2611
2392000 17.2603
2393000 17.2124
2394000 17.1992
2395000 17.18
2396000 17.0968
2397000 17.0924
2398000 17.085
2399000 17.0073
2400000 17.0792
2401000 17.1445
2402000 17.1345
2403000 17.1143
2404000 17.1008
2405000 17.0501
2406000 17.0656
2407000 17.0652
2408000 16.9974
2409000 16.974
2410000 16.9556
2411000 16.9254
2412000 16.8992
2413000 16.8875
2414000 16.8684
2415000 16.8934
2416000 16.8793
2417000 16.8946
2418000 16.9444
2419000 17.0078
2420000 17.089
2421000 17.1204
2422000 17.0781
2423000 17.0415
2424000 17.0141
2425000 17.0018
2426000 17.0416
2427000 17.0654
2428000 17.0833
2429000 17.1011
2430000 17.1071
2431000 17.1161
2432000 17.0954
2433000 16.9378
2434000 16.8193
2435000 16.7393
2436000 16.644
2437000 16.5555
2438000 16.5043
2439000 16.4747
2440000 16.4572
2441000 16.4573
2442000 16.4175
2443000 16.4134
2444000 16.4431
2445000 16.498
2446000 16.575
2447000 16.6345
2448000 16.714
2449000 16.778
2450000 16.8258
2451000 16.786
2452000 16.7249
2453000 16.7788
2454000 16.8013
2455000 16.7903
2456000 16.7588
2457000 16.8011
2458000 16.9091
2459000 16.992
2460000 17.0051
2461000 16.9895
2462000 16.9432
2463000 16.8769
2464000 16.8436
2465000 16.741
2466000 16.688
2467000 16.6511
2468000 16.653
2469000 16.6649
2470000 16.6292
2471000 16.5909
2472000 16.5971
2473000 16.6517
2474000 16.6578
2475000 16.5989
2476000 16.515
2477000 16.5149
2478000 16.6314
2479000 16.6623
2480000 16.7195
2481000 16.7581
2482000 16.8203
2483000 16.8632
2484000 16.8804
2485000 16.82
2486000 16.7574
2487000 16.7691
2488000 16.8328
2489000 16.9412
2490000 17.0406
2491000 17.0794
2492000 17.1424
2493000 17.1485
2494000 17.151
2495000 17.1317
2496000 17.1566
2497000 17.2662
2498000 17.3469
2499000 17.4572
2500000 17.5213
2501000 17.554
2502000 17.5683
2503000 17.5923
2504000 17.6018
2505000 17.5697
2506000 17.5493
2507000 17.4846
2508000 17.3808
2509000 17.3079
2510000 17.3234
2511000 17.4078
2512000 17.4207
2513000 17.4073
2514000 17.4246
2515000 17.394
2516000 17.3869
2517000 17.3923
2518000 17.466
2519000 17.5026
2520000 17.5722
2521000 17.6614
2522000 17.6784
2523000 17.6526
2524000 17.7204
2525000 17.7462
2526000 17.718
2527000 17.716
2528000 17.7736
2529000 17.729
2530000 17.6524
2531000 17.6507
2532000 17.6522
2533000 17.6129
2534000 17.6431
2535000 17.7122
2536000 17.7403
2537000 17.8092
2538000 17.8812
2539000 17.8587
2540000 17.8246
2541000 17.8181
2542000 17.8114
2543000 17.8046
2544000 17.7684
2545000 17.7524
2546000 17.7259
2547000 17.6385
2548000 17.5234
2549000 17.4295
2550000 17.3483
2551000 17.353
2552000 17.2503
2553000 17.1583
2554000 17.0879
2555000 17.0654
2556000 17.1134
2557000 17.1959
2558000 17.2667
2559000 17.3402
2560000 17.3869
2561000 17.3697
2562000 17.374
2563000 17.2732
2564000 17.222
2565000 17.255
2566000 17.3072
2567000 17.3193
2568000 17.3064
2569000 17.3184
2570000 17.3765
2571000 17.35
2572000 17.2641
2573000 17.2607
2574000 17.2987
2575000 17.3791
2576000 17.4214
2577000 17.3606
2578000 17.3787
2579000 17.4415
2580000 17.4989
2581000 17.5282
2582000 17.5138
2583000 17.5334
2584000 17.5092
2585000 17.4287
2586000 17.3997
2587000 17.4068
2588000 17.4502
2589000 17.4227
2590000 17.3611
2591000 17.2907
2592000 17.308
2593000 17.3666
2594000 17.3552
2595000 17.3656
2596000 17.2976
2597000 17.1757
2598000 17.1023
2599000 17.0299
2600000 17.0333
2601000 17.0344
2602000 16.9914
2603000 16.9467
2604000 16.8695
2605000 16.8552
2606000 16.9749
2607000 17.0514
2608000 17.0703
2609000 17.0342
2610000 16.9985
2611000 16.9365
2612000 16.8736
2613000 16.8107
2614000 16.7193
2615000 16.6802
2616000 16.7101
2617000 16.7339
2618000 16.7817
2619000 16.8056
2620000 16.7671
2621000 16.6678
2622000 16.6231
2623000 16.6687
2624000 16.6722
2625000 16.6387
2626000 16.6523
2627000 16.6724
2628000 16.7289
2629000 16.7099
2630000 16.6229
2631000 16.6285
2632000 16.7378
2633000 16.7735
2634000 16.7879
2635000 16.7779
2636000 16.7366
2637000 16.7174
2638000 16.6421
2639000 16.6052
2640000 16.6454
2641000 16.6565
2642000 16.6379
2643000 16.6956
2644000 16.7762
2645000 16.7523
2646000 16.7343
2647000 16.7031
2648000 16.6995
2649000 16.7002
2650000 16.8026
2651000 16.8455
2652000 16.8384
2653000 16.8215
2654000 16.851
2655000 16.9149
2656000 16.9698
2657000 16.9992
2658000 16.9808
2659000 16.9418
2660000 16.9171
2661000 16.9005
2662000 16.8403
2663000 16.7964
2664000 16.7575
2665000 16.7195
2666000 16.7307
2667000 16.7442
2668000 16.8406
2669000 16.8948
2670000 16.9136
2671000 16.9863
2672000 16.9659
2673000 16.9262
2674000 16.9316
2675000 16.9396
2676000 17.0129
2677000 17.1007
2678000 17.094
2679000 17.1493
2680000 17.2385
2681000 17.286
2682000 17.2163
2683000 17.1694
2684000 17.1404
2685000 17.1484
2686000 17.1723
2687000 17.2019
2688000 17.2417
2689000 17.2941
2690000 17.2977
2691000 17.2407
2692000 17.2289
2693000 17.3039
2694000 17.4315
2695000 17.4442
2696000 17.4275
2697000 17.3698
2698000 17.2393
2699000 17.2263
2700000 17.2588
2701000 17.3245
2702000 17.3165
2703000 17.2776
2704000 17.3078
2705000 17.3317
2706000 17.2675
2707000 17.186
2708000 17.1321
2709000 17.0652
2710000 16.9417
2711000 16.7419
2712000 16.5969
2713000 16.5315
2714000 16.5502
2715000 16.6408
2716000 16.7133
2717000 16.7299
2718000 16.727
2719000 16.7281
2720000 16.6857
2721000 16.6674
2722000 16.6227
2723000 16.6036
2724000 16.6107
2725000 16.611
2726000 16.6446
2727000 16.6784
2728000 16.6846
2729000 16.7072
2730000 16.7061
2731000 16.7274
2732000 16.7751
2733000 16.7894
2734000 16.798
2735000 16.8229
2736000 16.8549
2737000 16.8854
2738000 16.874
2739000 16.8771
2740000 16.94
2741000 16.9559
2742000 17.0161
2743000 17.0691
2744000 17.1624
2745000 17.2044
2746000 17.2402
2747000 17.2815
2748000 17.2629
2749000 17.21
2750000 17.2099
2751000 17.1745
2752000 17.0983
2753000 17.0343
2754000 17.0458
2755000 17.0658
2756000 17.0062
2757000 16.8898
2758000 16.8192
2759000 16.8164
2760000 16.8579
2761000 16.8202
2762000 16.7152
2763000 16.5764
2764000 16.4755
2765000 16.4463
2766000 16.4266
2767000 16.3575
2768000 16.2228
2769000 16.0836
2770000 16.0674
2771000 16.0334
2772000 16.0382
2773000 16.0685
2774000 16.0941
2775000 16.1073
2776000 16.066
2777000 16.0152
2778000 15.93
2779000 15.8815
2780000 15.9359
2781000 15.9587
2782000 16.0026
2783000 16.1197
2784000 16.1689
2785000 16.1942
2786000 16.1406
2787000 16.0457
2788000 15.9475
2789000 15.8714
2790000 15.8624
2791000 15.8195
2792000 15.7295
2793000 15.6597
2794000 15.5519
2795000 15.4665
2796000 15.5164
2797000 15.565
2798000 15.588
2799000 15.6836
2800000 15.7798
2801000 15.8037
2802000 15.8155
2803000 15.7871
2804000 15.7905
2805000 15.8049
2806000 15.8421
2807000 15.9049
2808000 15.9469
2809000 15.9227
2810000 15.8529
2811000 15.7932
2812000 15.7667
2813000 15.6514
2814000 15.6018
2815000 15.6329
2816000 15.6338
2817000 15.6515
2818000 15.7076
2819000 15.7647
2820000 15.7569
2821000 15.7169
2822000 15.7023
2823000 15.6644
2824000 15.6323
2825000 15.6137
2826000 15.6311
2827000 15.7031
