# Time-averaged data for fix myfixR2
# TimeStep c_R2[0]
1001000 29.4159
1002000 29.4888
1003000 29.3437
1004000 29.1571
1005000 28.9646
1006000 28.751
1007000 28.6161
1008000 28.4825
1009000 28.3995
1010000 28.3176
1011000 28.1354
1012000 27.9179
1013000 27.7764
1014000 27.6341
1015000 27.4774
1016000 27.3059
1017000 27.1073
1018000 26.9256
1019000 26.8334
1020000 26.7604
1021000 26.6482
1022000 26.5344
1023000 26.4609
1024000 26.2903
1025000 26.1019
1026000 25.9075
1027000 25.7781
1028000 25.6198
1029000 25.4771
1030000 25.3379
1031000 25.2189
1032000 25.1038
1033000 25.074
1034000 24.994
1035000 24.8393
1036000 24.7562
1037000 24.6393
1038000 24.5
1039000 24.387
1040000 24.236
1041000 24.0074
1042000 23.7498
1043000 23.5612
1044000 23.497
1045000 23.4343
1046000 23.2442
1047000 23.0376
1048000 22.9588
1049000 22.8924
1050000 22.8403
1051000 22.7559
1052000 22.6726
1053000 22.5862
1054000 22.4331
1055000 22.2276
1056000 22.0665
1057000 21.9774
1058000 21.846
1059000 21.7514
1060000 21.646
1061000 21.5146
1062000 21.391
1063000 21.2474
1064000 21.0938
1065000 20.8743
1066000 20.6872
1067000 20.6008
1068000 20.4419
1069000 20.2241
1070000 19.965
1071000 19.7357
1072000 19.5666
1073000 19.4709
1074000 19.405
1075000 19.3108
1076000 19.1915
1077000 19.1236
1078000 19.0094
1079000 18.8617
1080000 18.8117
1081000 18.7075
1082000 18.565
1083000 18.5537
1084000 18.5471
1085000 18.5066
1086000 18.4028
1087000 18.3238
1088000 18.2118
1089000 18.0578
1090000 17.8923
1091000 17.8002
1092000 17.7059
1093000 17.609
1094000 17.4558
1095000 17.2646
1096000 17.0861
1097000 16.8856
1098000 16.719
1099000 16.5467
1100000 16.4706
1101000 16.3678
1102000 16.2678
1103000 16.1275
1104000 15.9143
1105000 15.8467
1106000 15.7484
1107000 15.6087
1108000 15.5622
1109000 15.4815
1110000 15.3746
1111000 15.3798
1112000 15.3714
1113000 15.3348
1114000 15.3278
1115000 15.2172
1116000 15.0734
1117000 14.9432
1118000 14.759
1119000 14.625
1120000 14.5449
1121000 14.5314
1122000 14.4204
1123000 14.2717
1124000 14.141
1125000 14.0414
1126000 13.9838
1127000 13.9122
1128000 13.8296
1129000 13.6801
1130000 13.5425
1131000 13.5114
1132000 13.4769
1133000 13.3875
1134000 13.3452
1135000 13.2727
1136000 13.2543
1137000 13.2062
1138000 13.1207
1139000 13.0272
1140000 12.9289
1141000 12.8611
1142000 12.7985
1143000 12.6839
1144000 12.4909
1145000 12.3067
1146000 12.1732
1147000 12.0887
1148000 12.0728
1149000 12.0542
1150000 11.9949
1151000 11.8914
1152000 11.738
1153000 11.6359
1154000 11.5848
1155000 11.5647
1156000 11.5201
1157000 11.422
1158000 11.2783
1159000 11.0615
1160000 10.8373
1161000 10.6275
1162000 10.4185
1163000 10.2328
1164000 10.0773
1165000 9.86275
1166000 9.63018
1167000 9.45178
1168000 9.25516
1169000 9.09439
1170000 8.90377
1171000 8.7785
1172000 8.67071
1173000 8.53769
1174000 8.42578
1175000 8.38699
1176000 8.40092
1177000 8.39671
1178000 8.26189
1179000 8.14343
1180000 8.05529
1181000 7.99325
1182000 7.98226
1183000 7.98857
1184000 7.93492
1185000 7.89563
1186000 7.86363
1187000 7.83093
1188000 7.84481
1189000 7.83189
1190000 7.72985
1191000 7.61443
1192000 7.55286
1193000 7.47472
1194000 7.40474
1195000 7.35243
1196000 7.29605
1197000 7.28366
1198000 7.31053
1199000 7.27361
1200000 7.20874
1201000 7.11366
1202000 7.03733
1203000 6.9636
1204000 6.95876
1205000 6.87084
1206000 6.7566
1207000 6.63787
1208000 6.55964
1209000 6.48708
1210000 6.42847
1211000 6.33855
1212000 6.23478
1213000 6.14268
1214000 5.96313
1215000 5.72072
1216000 5.62072
1217000 5.42973
1218000 5.16093
1219000 4.8878
1220000 4.60484
1221000 4.40074
1222000 4.10832
1223000 3.77411
1224000 3.69252
1225000 3.60717
1226000 3.52671
1227000 3.45272
1228000 3.39726
1229000 3.37673
1230000 3.34479
1231000 3.40173
1232000 3.36519
1233000 3.3029
1234000 3.27315
1235000 3.24329
1236000 3.23831
1237000 3.23601
1238000 3.23548
1239000 3.20672
1240000 3.20338
1241000 3.25107
1242000 3.17158
1243000 3.11767
1244000 3.11461
1245000 3.10761
1246000 3.11333
1247000 3.09932
1248000 3.11525
1249000 3.10895
1250000 3.11053
1251000 3.22645
1252000 3.16168
1253000 3.15191
1254000 3.12035
1255000 3.10088
1256000 3.1103
1257000 3.12258
1258000 3.1063
1259000 3.10425
1260000 3.11061
1261000 3.15155
1262000 3.09086
1263000 3.10906
1264000 3.1156
1265000 3.11299
1266000 3.09959
1267000 3.13439
1268000 3.10855
1269000 3.10611
1270000 3.08154
1271000 3.20021
1272000 3.17441
1273000 3.15474
1274000 3.14643
1275000 3.12505
1276000 3.12686
1277000 3.1197
1278000 3.10608
1279000 3.13708
1280000 3.12461
1281000 3.29143
1282000 3.22084
1283000 3.16345
1284000 3.13512
1285000 3.12037
1286000 3.12384
1287000 3.12946
1288000 3.13954
1289000 3.12021
1290000 3.12054
1291000 3.20559
1292000 3.19985
1293000 3.16421
1294000 3.15928
1295000 3.15686
1296000 3.15973
1297000 3.14178
1298000 3.14363
1299000 3.15612
1300000 3.12586
1301000 3.1649
1302000 3.15637
1303000 3.13292
1304000 3.1373
1305000 3.11403
1306000 3.13971
1307000 3.13308
1308000 3.12752
1309000 3.12358
1310000 3.13537
1311000 3.15864
1312000 3.16123
1313000 3.15037
1314000 3.15598
1315000 3.14303
1316000 3.14765
1317000 3.16584
1318000 3.15328
1319000 3.15885
1320000 3.16205
1321000 3.15904
1322000 3.15024
1323000 3.15893
1324000 3.1525
1325000 3.15535
1326000 3.14882
1327000 3.1394
1328000 3.14454
1329000 3.14918
1330000 3.13612
1331000 3.2375
1332000 3.23367
1333000 3.16738
1334000 3.1547
1335000 3.14192
1336000 3.13839
1337000 3.13782
1338000 3.13349
1339000 3.13353
1340000 3.12263
1341000 3.22809
1342000 3.17863
1343000 3.15669
1344000 3.1308
1345000 3.13915
1346000 3.13527
1347000 3.13418
1348000 3.12835
1349000 3.13085
1350000 3.11382
1351000 3.21505
1352000 3.20418
1353000 3.16863
1354000 3.1742
1355000 3.1764
1356000 3.16624
1357000 3.16175
1358000 3.16011
1359000 3.15458
1360000 3.14213
1361000 3.29581
1362000 3.30535
1363000 3.23166
1364000 3.17766
1365000 3.13997
1366000 3.12954
1367000 3.12377
1368000 3.12585
1369000 3.13586
1370000 3.13538
1371000 3.2448
1372000 3.1581
1373000 3.11998
1374000 3.126
1375000 3.10338
1376000 3.10099
1377000 3.10835
1378000 3.11329
1379000 3.10465
1380000 3.11396
1381000 3.19496
1382000 3.17077
1383000 3.13682
1384000 3.12221
1385000 3.11874
1386000 3.11999
1387000 3.11636
1388000 3.10826
1389000 3.12984
1390000 3.12649
1391000 3.23184
1392000 3.26984
1393000 3.20198
1394000 3.17492
1395000 3.15439
1396000 3.15923
1397000 3.15245
1398000 3.14783
1399000 3.14517
1400000 3.15364
1401000 3.23414
1402000 3.21558
1403000 3.18933
1404000 3.1834
1405000 3.17135
1406000 3.16103
1407000 3.1587
1408000 3.15552
1409000 3.16532
1410000 3.1763
1411000 3.37043
1412000 3.44299
1413000 3.32789
1414000 3.23603
1415000 3.1584
1416000 3.14648
1417000 3.1351
1418000 3.13029
1419000 3.11467
1420000 3.11959
1421000 3.21373
1422000 3.17184
1423000 3.12532
1424000 3.12175
1425000 3.1165
1426000 3.08293
1427000 3.0955
1428000 3.10883
1429000 3.08372
1430000 3.08107
1431000 3.197
1432000 3.11812
1433000 3.07555
1434000 3.09251
1435000 3.07006
1436000 3.05489
1437000 3.06357
1438000 3.06954
1439000 3.06664
1440000 3.06326
1441000 3.05485
1442000 3.00058
1443000 3.00931
1444000 2.96132
1445000 2.95694
1446000 2.96053
1447000 2.9716
1448000 2.97384
1449000 2.97171
1450000 2.95677
1451000 3.22226
1452000 3.17697
1453000 3.0512
1454000 3.02924
1455000 3.01455
1456000 2.98755
1457000 2.9903
1458000 2.99154
1459000 2.97024
1460000 2.98413
1461000 3.16383
1462000 3.13078
1463000 3.09191
1464000 3.07967
1465000 3.06028
1466000 3.05727
1467000 3.05929
1468000 3.06385
1469000 3.07309
1470000 3.07017
1471000 3.07177
1472000 3.04515
1473000 3.0118
1474000 3.01352
1475000 3.00071
1476000 2.99833
1477000 3.00819
1478000 2.99623
1479000 2.9921
1480000 2.98112
1481000 3.08091
1482000 3.04806
1483000 3.02381
1484000 2.99903
1485000 3.00264
1486000 2.99771
1487000 2.9984
1488000 2.99924
1489000 3.00159
1490000 3.01213
1491000 3.10555
1492000 3.07854
1493000 3.04621
1494000 3.03081
1495000 3.01094
1496000 3.00289
1497000 3.00956
1498000 2.99685
1499000 3.00874
1500000 3.0075
1501000 3.1779
1502000 3.08691
1503000 3.06557
1504000 3.01134
1505000 2.99721
1506000 2.98909
1507000 3.01114
1508000 3.00951
1509000 3.02403
1510000 3.02154
1511000 3.09599
1512000 3.0368
1513000 3.0231
1514000 3.01144
1515000 2.99542
1516000 2.99569
1517000 2.99347
1518000 2.98315
1519000 2.99391
1520000 2.99753
1521000 3.12282
1522000 3.16804
1523000 3.09114
1524000 3.01039
1525000 2.99742
1526000 2.99501
1527000 2.98218
1528000 2.99384
1529000 2.98703
1530000 3.01332
1531000 3.09936
1532000 3.0252
1533000 3.0221
1534000 3.0076
1535000 2.99864
1536000 2.99839
1537000 2.9997
1538000 3.00137
1539000 3.00269
1540000 3.00413
1541000 3.18971
1542000 3.1008
1543000 3.05319
1544000 3.02562
1545000 3.00799
1546000 2.98797
1547000 2.97576
1548000 2.96934
1549000 2.96455
1550000 2.96021
1551000 3.03853
1552000 3.05872
1553000 3.01021
1554000 2.98315
1555000 2.97255
1556000 2.97153
1557000 2.95157
1558000 2.96599
1559000 2.96285
1560000 2.96121
1561000 3.04517
1562000 3.0413
1563000 2.99756
1564000 2.96231
1565000 2.94635
1566000 2.93002
1567000 2.92722
1568000 2.93366
1569000 2.92348
1570000 2.92712
1571000 2.95614
1572000 2.91604
1573000 2.90839
1574000 2.91576
1575000 2.91938
1576000 2.90934
1577000 2.91563
1578000 2.90574
1579000 2.91519
1580000 2.92232
1581000 3.01225
1582000 2.96378
1583000 2.93892
1584000 2.92203
1585000 2.92621
1586000 2.91006
1587000 2.92558
1588000 2.91381
1589000 2.92131
1590000 2.91001
1591000 2.90724
1592000 2.91327
1593000 2.89148
1594000 2.89742
1595000 2.8874
1596000 2.89361
1597000 2.88036
1598000 2.89091
1599000 2.88483
1600000 2.89
1601000 2.90729
1602000 2.91019
1603000 2.91508
1604000 2.89896
1605000 2.91783
1606000 2.90662
1607000 2.90042
1608000 2.90344
1609000 2.89278
1610000 2.8962
1611000 3.01175
1612000 2.94931
1613000 2.92359
1614000 2.91115
1615000 2.90539
1616000 2.89357
1617000 2.89648
1618000 2.88821
1619000 2.89238
1620000 2.89125
1621000 2.97097
1622000 2.94937
1623000 2.90914
1624000 2.90511
1625000 2.89937
1626000 2.89574
1627000 2.89989
1628000 2.89579
1629000 2.89588
1630000 2.89249
1631000 3.02227
1632000 3.0159
1633000 2.94718
1634000 2.93761
1635000 2.93119
1636000 2.92344
1637000 2.92319
1638000 2.9203
1639000 2.93523
1640000 2.92498
1641000 3.11539
1642000 3.10658
1643000 3.02925
1644000 3.01925
1645000 2.99499
1646000 2.98682
1647000 2.9937
1648000 2.98512
1649000 2.97355
1650000 2.94274
1651000 2.81626
1652000 2.79544
1653000 2.80999
1654000 2.79088
1655000 2.79016
1656000 2.7923
1657000 2.78125
1658000 2.79439
1659000 2.78284
1660000 2.78893
1661000 2.78518
1662000 2.7825
1663000 2.77397
1664000 2.78
1665000 2.77977
1666000 2.77001
1667000 2.77239
1668000 2.76009
1669000 2.76316
1670000 2.76582
1671000 2.93228
1672000 2.92591
1673000 2.84321
1674000 2.80872
1675000 2.79816
1676000 2.78992
1677000 2.79897
1678000 2.79562
1679000 2.78484
1680000 2.78615
1681000 2.79614
1682000 2.78743
1683000 2.78636
1684000 2.78479
1685000 2.77954
1686000 2.78511
1687000 2.7841
1688000 2.78699
1689000 2.76865
1690000 2.76326
1691000 2.77242
1692000 2.77207
1693000 2.77261
1694000 2.77576
1695000 2.76851
1696000 2.76675
1697000 2.76239
1698000 2.77848
1699000 2.77019
1700000 2.76857
1701000 2.93761
1702000 2.96643
1703000 2.82376
1704000 2.78449
1705000 2.77495
1706000 2.76934
1707000 2.77225
1708000 2.76223
1709000 2.75328
1710000 2.75517
1711000 2.7851
1712000 2.76957
1713000 2.7634
1714000 2.77324
1715000 2.76325
1716000 2.76812
1717000 2.76428
1718000 2.75978
1719000 2.76831
1720000 2.76358
1721000 2.82735
1722000 2.79742
1723000 2.78324
1724000 2.77701
1725000 2.77072
1726000 2.77262
1727000 2.77552
1728000 2.77799
1729000 2.77643
1730000 2.78133
1731000 2.89462
1732000 2.92385
1733000 2.87036
1734000 2.83291
1735000 2.82403
1736000 2.80768
1737000 2.80657
1738000 2.79976
1739000 2.81424
1740000 2.79144
1741000 3.0142
1742000 2.96281
1743000 2.84734
1744000 2.84164
1745000 2.83156
1746000 2.82965
1747000 2.82659
1748000 2.81845
1749000 2.82696
1750000 2.81863
1751000 2.82299
1752000 2.81111
1753000 2.81661
1754000 2.82422
1755000 2.8064
1756000 2.81123
1757000 2.80802
1758000 2.81386
1759000 2.80635
1760000 2.81031
1761000 2.81212
1762000 2.80823
1763000 2.80856
1764000 2.80891
1765000 2.81275
1766000 2.81032
1767000 2.80158
1768000 2.80917
1769000 2.80436
1770000 2.80116
1771000 2.82807
1772000 2.81806
1773000 2.80527
1774000 2.80599
1775000 2.80444
1776000 2.78903
1777000 2.79844
1778000 2.79334
1779000 2.79947
1780000 2.81086
1781000 2.8032
1782000 2.79014
1783000 2.78179
1784000 2.78027
1785000 2.77106
1786000 2.77153
1787000 2.76938
1788000 2.76851
1789000 2.77634
1790000 2.78754
1791000 2.93451
1792000 2.89535
1793000 2.84272
1794000 2.80714
1795000 2.79884
1796000 2.79407
1797000 2.79212
1798000 2.79386
1799000 2.79343
1800000 2.79496
1801000 3.04532
1802000 3.06012
1803000 2.89494
1804000 2.86426
1805000 2.85182
1806000 2.8575
1807000 2.84252
1808000 2.84149
1809000 2.84751
1810000 2.84081
1811000 2.83915
1812000 2.83627
1813000 2.81817
1814000 2.81808
1815000 2.81507
1816000 2.80762
1817000 2.80855
1818000 2.81184
1819000 2.80931
1820000 2.80943
1821000 2.94375
1822000 2.88707
1823000 2.84374
1824000 2.82085
1825000 2.81198
1826000 2.81239
1827000 2.81456
1828000 2.80967
1829000 2.81108
1830000 2.81527
1831000 2.81321
1832000 2.81439
1833000 2.80257
1834000 2.80136
1835000 2.79829
1836000 2.80255
1837000 2.80112
1838000 2.79678
1839000 2.79735
1840000 2.8019
1841000 2.81783
1842000 2.80737
1843000 2.79779
1844000 2.80184
1845000 2.80109
1846000 2.80199
1847000 2.80151
1848000 2.79775
1849000 2.78612
1850000 2.79128
1851000 2.93376
1852000 2.90081
1853000 2.84312
1854000 2.83329
1855000 2.82468
1856000 2.81978
1857000 2.82997
1858000 2.82182
1859000 2.82115
1860000 2.82832
1861000 2.83812
1862000 2.83423
1863000 2.82411
1864000 2.80863
1865000 2.81011
1866000 2.80749
1867000 2.81475
1868000 2.81174
1869000 2.81231
1870000 2.82067
1871000 2.81176
1872000 2.80685
1873000 2.80315
1874000 2.80127
1875000 2.79185
1876000 2.8014
1877000 2.79425
1878000 2.8029
1879000 2.80155
1880000 2.80144
1881000 2.79703
1882000 2.79959
1883000 2.78728
1884000 2.78838
1885000 2.7938
1886000 2.79283
1887000 2.7918
1888000 2.79612
1889000 2.79038
1890000 2.79388
1891000 2.8235
1892000 2.81189
1893000 2.79847
1894000 2.78121
1895000 2.78634
1896000 2.78584
1897000 2.79101
1898000 2.78545
1899000 2.78729
1900000 2.78164
1901000 2.78443
1902000 2.76594
1903000 2.74723
1904000 2.74543
1905000 2.73958
1906000 2.74086
1907000 2.74305
1908000 2.73802
1909000 2.73895
1910000 2.73659
1911000 2.75183
1912000 2.7603
1913000 2.75395
1914000 2.75148
1915000 2.74924
1916000 2.74827
1917000 2.74759
1918000 2.74447
1919000 2.7488
1920000 2.75151
1921000 2.74994
1922000 2.73497
1923000 2.72312
1924000 2.71853
1925000 2.70511
1926000 2.71567
1927000 2.70296
1928000 2.71071
1929000 2.71371
1930000 2.71299
1931000 2.97351
1932000 3.04168
1933000 2.89886
1934000 2.80851
1935000 2.79235
1936000 2.78072
1937000 2.76826
1938000 2.76393
1939000 2.75907
1940000 2.76483
1941000 2.92605
1942000 2.86127
1943000 2.7727
1944000 2.74661
1945000 2.71728
1946000 2.72619
1947000 2.71604
1948000 2.71656
1949000 2.71184
1950000 2.70569
1951000 2.73818
1952000 2.73098
1953000 2.72295
1954000 2.71667
1955000 2.71429
1956000 2.72025
1957000 2.72191
1958000 2.72086
1959000 2.71936
1960000 2.72143
1961000 2.89123
1962000 3.09132
1963000 3.0277
1964000 2.89053
1965000 2.78988
1966000 2.74619
1967000 2.73986
1968000 2.73425
1969000 2.72033
1970000 2.83886
1971000 3.13531
1972000 2.96416
1973000 2.87586
1974000 2.80721
1975000 2.76741
1976000 2.74962
1977000 2.7466
1978000 2.72907
1979000 2.72832
1980000 2.72971
1981000 2.95898
1982000 2.97124
1983000 2.8263
1984000 2.78704
1985000 2.78818
1986000 2.77822
1987000 2.77647
1988000 2.78406
1989000 2.76955
1990000 2.76495
1991000 2.88436
1992000 2.85793
1993000 2.80182
1994000 2.7919
1995000 2.78619
1996000 2.78205
1997000 2.7801
1998000 2.77717
1999000 2.77486
2000000 2.77142
2001000 2.77694
2002000 2.74658
2003000 2.74022
2004000 2.74919
2005000 2.74347
2006000 2.75755
2007000 2.75129
2008000 2.75329
2009000 2.74266
2010000 2.75398
2011000 2.7476
2012000 2.73624
2013000 2.7249
2014000 2.7297
2015000 2.73196
2016000 2.72527
2017000 2.73074
2018000 2.72967
2019000 2.739
2020000 2.72177
2021000 2.88618
2022000 2.86638
2023000 2.81121
2024000 2.77329
2025000 2.76616
2026000 2.75671
2027000 2.76118
2028000 2.76288
2029000 2.75551
2030000 2.75297
2031000 2.74858
2032000 2.7355
2033000 2.73354
2034000 2.73456
2035000 2.73177
2036000 2.73167
2037000 2.72476
2038000 2.72923
2039000 2.73186
2040000 2.72817
2041000 2.8126
2042000 2.77946
2043000 2.75385
2044000 2.72798
2045000 2.73807
2046000 2.72249
2047000 2.71759
2048000 2.71565
2049000 2.71531
2050000 2.71091
2051000 2.71417
2052000 2.70843
2053000 2.71772
2054000 2.71333
2055000 2.70958
2056000 2.70904
2057000 2.70517
2058000 2.71386
2059000 2.71121
2060000 2.71594
2061000 2.70674
2062000 2.7149
2063000 2.71616
2064000 2.71328
2065000 2.71652
2066000 2.71698
2067000 2.71293
2068000 2.71117
2069000 2.71536
2070000 2.70706
2071000 2.90234
2072000 2.8973
2073000 2.80971
2074000 2.78203
2075000 2.76405
2076000 2.74623
2077000 2.76165
2078000 2.75817
2079000 2.76028
2080000 2.75466
2081000 3.04996
2082000 2.96315
2083000 2.83593
2084000 2.78979
2085000 2.77762
2086000 2.77115
2087000 2.76877
2088000 2.76872
2089000 2.77112
2090000 2.75826
2091000 2.87977
2092000 2.8356
2093000 2.78814
2094000 2.76191
2095000 2.75379
2096000 2.75659
2097000 2.75013
2098000 2.75168
2099000 2.75438
2100000 2.75853
2101000 2.92414
2102000 2.83954
2103000 2.78945
2104000 2.77116
2105000 2.76228
2106000 2.75861
2107000 2.7432
2108000 2.75197
2109000 2.75099
2110000 2.75271
2111000 2.84993
2112000 2.81666
2113000 2.79566
2114000 2.78638
2115000 2.77093
2116000 2.76384
2117000 2.75407
2118000 2.74467
2119000 2.74334
2120000 2.74678
2121000 2.8828
2122000 2.8399
2123000 2.79684
2124000 2.77913
2125000 2.77236
2126000 2.75652
2127000 2.74894
2128000 2.7528
2129000 2.74647
2130000 2.7557
2131000 2.75401
2132000 2.76542
2133000 2.76141
2134000 2.75944
2135000 2.75035
2136000 2.7522
2137000 2.74669
2138000 2.75966
2139000 2.74609
2140000 2.74282
2141000 2.97348
2142000 3.11439
2143000 3.06724
2144000 2.96415
2145000 2.82332
2146000 2.78212
2147000 2.77584
2148000 2.77245
2149000 2.76325
2150000 2.76666
2151000 2.7512
2152000 2.75727
2153000 2.75749
2154000 2.74765
2155000 2.74881
2156000 2.73782
2157000 2.73049
2158000 2.74289
2159000 2.73971
2160000 2.72931
2161000 2.75312
2162000 2.75016
2163000 2.75254
2164000 2.74849
2165000 2.73985
2166000 2.73341
2167000 2.74524
2168000 2.74269
2169000 2.74469
2170000 2.74674
2171000 2.74062
2172000 2.73378
2173000 2.73504
2174000 2.73014
2175000 2.72511
2176000 2.72635
2177000 2.72581
2178000 2.7196
2179000 2.72297
2180000 2.71908
2181000 2.71487
2182000 2.71581
2183000 2.70982
2184000 2.70694
2185000 2.70374
2186000 2.70403
2187000 2.69992
2188000 2.69522
2189000 2.69206
2190000 2.69197
2191000 2.84959
2192000 2.79037
2193000 2.74623
2194000 2.7359
2195000 2.71817
2196000 2.72134
2197000 2.72208
2198000 2.72616
2199000 2.71573
2200000 2.71728
2201000 2.79305
2202000 2.78266
2203000 2.74684
2204000 2.75524
2205000 2.76184
2206000 2.74713
2207000 2.74379
2208000 2.74208
2209000 2.73289
2210000 2.7404
2211000 2.91912
2212000 2.85389
2213000 2.80468
2214000 2.77976
2215000 2.75485
2216000 2.75728
2217000 2.73181
2218000 2.7228
2219000 2.71821
2220000 2.72305
2221000 2.82375
2222000 2.78293
2223000 2.74483
2224000 2.71101
2225000 2.71305
2226000 2.70906
2227000 2.71177
2228000 2.70093
2229000 2.71887
2230000 2.71388
2231000 2.73896
2232000 2.7288
2233000 2.71318
2234000 2.71097
2235000 2.70877
2236000 2.70108
2237000 2.68804
2238000 2.67658
2239000 2.6742
2240000 2.68026
2241000 2.77774
2242000 2.73563
2243000 2.7017
2244000 2.69152
2245000 2.6866
2246000 2.67819
2247000 2.68018
2248000 2.68584
2249000 2.67146
2250000 2.68142
2251000 2.78458
2252000 2.76388
2253000 2.72665
2254000 2.70452
2255000 2.69952
2256000 2.70673
2257000 2.71662
2258000 2.71068
2259000 2.69432
2260000 2.70982
2261000 2.92011
2262000 2.87337
2263000 2.7712
2264000 2.73883
2265000 2.72778
2266000 2.72362
2267000 2.72688
2268000 2.72986
2269000 2.71266
2270000 2.71693
2271000 2.8086
2272000 2.77507
2273000 2.75311
2274000 2.75697
2275000 2.75167
2276000 2.73914
2277000 2.72815
2278000 2.73115
2279000 2.729
2280000 2.7362
2281000 2.73815
2282000 2.72792
2283000 2.7295
2284000 2.71279
2285000 2.72224
2286000 2.71942
2287000 2.72261
2288000 2.71544
2289000 2.71731
2290000 2.72235
2291000 2.78044
2292000 2.73819
2293000 2.73456
2294000 2.71154
2295000 2.71196
2296000 2.71496
2297000 2.72624
2298000 2.72727
2299000 2.72431
2300000 2.71354
2301000 2.76167
2302000 2.74084
2303000 2.72988
2304000 2.71242
2305000 2.72115
2306000 2.71418
2307000 2.71363
2308000 2.71722
2309000 2.71969
2310000 2.70392
2311000 2.87939
2312000 2.81193
2313000 2.7506
2314000 2.74375
2315000 2.72752
2316000 2.72311
2317000 2.72013
2318000 2.7249
2319000 2.72442
2320000 2.71734
2321000 2.70886
2322000 2.70607
2323000 2.71179
2324000 2.70347
2325000 2.70681
2326000 2.70227
2327000 2.70272
2328000 2.69943
2329000 2.69786
2330000 2.69727
2331000 2.8293
2332000 2.7683
2333000 2.73405
2334000 2.70818
2335000 2.6999
2336000 2.68881
2337000 2.6946
2338000 2.69234
2339000 2.68898
2340000 2.68481
2341000 2.82166
2342000 2.76291
2343000 2.73188
2344000 2.71687
2345000 2.70452
2346000 2.71054
2347000 2.71342
2348000 2.71108
2349000 2.71487
2350000 2.72736
2351000 2.71646
2352000 2.69456
2353000 2.69311
2354000 2.69413
2355000 2.69302
2356000 2.69138
2357000 2.69767
2358000 2.69965
2359000 2.69163
2360000 2.68661
2361000 2.82103
2362000 2.84094
2363000 2.78722
2364000 2.75174
2365000 2.71811
2366000 2.69162
2367000 2.68555
2368000 2.67471
2369000 2.68261
2370000 2.67433
2371000 3.03371
2372000 3.19932
2373000 3.1993
2374000 3.107
2375000 3.00176
2376000 2.89752
2377000 2.78453
2378000 2.76125
2379000 2.7386
2380000 2.73503
2381000 2.70194
2382000 2.71372
2383000 2.70427
2384000 2.69935
2385000 2.68938
2386000 2.69287
2387000 2.67841
2388000 2.67944
2389000 2.68883
2390000 2.67575
2391000 2.66699
2392000 2.6592
2393000 2.66309
2394000 2.66634
2395000 2.66647
2396000 2.66385
2397000 2.65197
2398000 2.65918
2399000 2.66849
2400000 2.67607
2401000 2.68361
2402000 2.67628
2403000 2.65467
2404000 2.65582
2405000 2.66181
2406000 2.65473
2407000 2.65887
2408000 2.65426
2409000 2.6516
2410000 2.6528
2411000 2.77554
2412000 2.74769
2413000 2.67175
2414000 2.64931
2415000 2.65462
2416000 2.64573
2417000 2.63584
2418000 2.63688
2419000 2.63823
2420000 2.64002
2421000 2.75226
2422000 2.7359
2423000 2.66916
2424000 2.65163
2425000 2.63431
2426000 2.64579
2427000 2.62669
2428000 2.63693
2429000 2.63841
2430000 2.63664
2431000 2.78083
2432000 2.74062
2433000 2.68841
2434000 2.64861
2435000 2.63858
2436000 2.64612
2437000 2.63793
2438000 2.63381
2439000 2.638
2440000 2.63997
2441000 2.77482
2442000 2.74784
2443000 2.68042
2444000 2.66261
2445000 2.6553
2446000 2.65653
2447000 2.65895
2448000 2.6481
2449000 2.65236
2450000 2.65137
