# Time-averaged data for fix myfixR2
# TimeStep c_R2[0]
1011000 6.73852
1012000 6.75919
1013000 6.80123
1014000 6.8296
1015000 6.86018
1016000 6.89978
1017000 6.94249
1018000 6.99485
1019000 7.07153
1020000 7.18727
1021000 7.29751
1022000 7.40321
1023000 7.4945
1024000 7.55885
1025000 7.61323
1026000 7.66039
1027000 7.68322
1028000 7.66585
1029000 7.62548
1030000 7.58549
1031000 7.54689
1032000 7.483
1033000 7.39997
1034000 7.29682
1035000 7.18778
1036000 7.09896
1037000 7.01279
1038000 6.92981
1039000 6.85428
1040000 6.79074
1041000 6.75369
1042000 6.71673
1043000 6.66184
1044000 6.58917
1045000 6.49309
1046000 6.38659
1047000 6.2785
1048000 6.13881
1049000 5.97167
1050000 5.77861
1051000 5.59074
1052000 5.42822
1053000 5.28062
1054000 5.13786
1055000 5.02838
1056000 4.94293
1057000 4.87775
1058000 4.80977
1059000 4.75326
1060000 4.70818
1061000 4.6886
1062000 4.69447
1063000 4.7494
1064000 4.83226
1065000 4.91154
1066000 4.98374
1067000 5.03569
1068000 5.07809
1069000 5.13991
1070000 5.20019
1071000 5.30566
1072000 5.41809
1073000 5.52415
1074000 5.65078
1075000 5.78813
1076000 5.91427
1077000 6.00766
1078000 6.10643
1079000 6.19897
1080000 6.25413
1081000 6.29249
1082000 6.33927
1083000 6.36625
1084000 6.40873
1085000 6.45732
1086000 6.4804
1087000 6.49788
1088000 6.54046
1089000 6.61136
1090000 6.70762
1091000 6.78389
1092000 6.85188
1093000 6.89267
1094000 6.92227
1095000 6.96518
1096000 7.02434
1097000 7.08891
1098000 7.15888
1099000 7.21333
1100000 7.23055
1101000 7.23686
1102000 7.23263
1103000 7.21392
1104000 7.20875
1105000 7.21904
1106000 7.19457
1107000 7.14736
1108000 7.09095
1109000 7.05022
1110000 7.02439
1111000 6.98277
1112000 6.92457
1113000 6.84738
1114000 6.75142
1115000 6.61619
1116000 6.48909
1117000 6.40694
1118000 6.35265
1119000 6.31111
1120000 6.2695
1121000 6.21702
1122000 6.16987
1123000 6.1312
1124000 6.10332
1125000 6.0611
1126000 6.03767
1127000 6.05093
1128000 6.04918
1129000 6.05405
1130000 6.06588
1131000 6.09333
1132000 6.11107
1133000 6.12032
1134000 6.13311
1135000 6.14585
1136000 6.11394
1137000 6.02319
1138000 5.93749
1139000 5.8953
1140000 5.87152
1141000 5.88856
1142000 5.9448
1143000 5.99338
1144000 6.01452
1145000 6.05144
1146000 6.1102
1147000 6.18741
1148000 6.25955
1149000 6.33674
1150000 6.41816
1151000 6.48153
1152000 6.53034
1153000 6.54934
1154000 6.51377
1155000 6.48665
1156000 6.4948
1157000 6.49437
1158000 6.46694
1159000 6.44826
1160000 6.43599
1161000 6.39302
1162000 6.33357
1163000 6.25606
1164000 6.17098
1165000 6.10272
1166000 6.05358
1167000 6.00659
1168000 5.93792
1169000 5.86075
1170000 5.78649
1171000 5.7427
1172000 5.72449
1173000 5.71034
1174000 5.68599
1175000 5.64087
1176000 5.59449
1177000 5.55374
1178000 5.51881
1179000 5.46578
1180000 5.4136
1181000 5.37113
1182000 5.31491
1183000 5.24229
1184000 5.19246
1185000 5.16779
1186000 5.15525
1187000 5.16216
1188000 5.1617
1189000 5.19704
1190000 5.24102
1191000 5.31347
1192000 5.39454
1193000 5.45936
1194000 5.52332
1195000 5.53645
1196000 5.53841
1197000 5.5729
1198000 5.61638
1199000 5.66836
1200000 5.73649
1201000 5.82495
1202000 5.93554
1203000 6.05292
1204000 6.16055
1205000 6.26181
1206000 6.35354
1207000 6.4035
1208000 6.42291
1209000 6.41259
1210000 6.3604
1211000 6.2957
1212000 6.21813
1213000 6.14436
1214000 6.08703
1215000 6.0276
1216000 5.97896
1217000 5.9386
1218000 5.8987
1219000 5.86937
1220000 5.83493
1221000 5.79814
1222000 5.78286
1223000 5.79161
1224000 5.80526
1225000 5.8213
1226000 5.84097
1227000 5.82858
1228000 5.81416
1229000 5.80748
1230000 5.81635
1231000 5.81935
1232000 5.82589
1233000 5.81373
1234000 5.78476
1235000 5.7693
1236000 5.75957
1237000 5.75501
1238000 5.76814
1239000 5.83182
1240000 5.91582
1241000 6.00388
1242000 6.09136
1243000 6.18901
1244000 6.3082
1245000 6.44066
1246000 6.552
1247000 6.66646
1248000 6.80293
1249000 6.91455
1250000 6.98923
1251000 7.05745
1252000 7.13036
1253000 7.21169
1254000 7.28472
1255000 7.35526
1256000 7.4264
1257000 7.52288
1258000 7.64269
1259000 7.76632
1260000 7.87116
1261000 7.95832
1262000 8.04601
1263000 8.12748
1264000 8.19112
1265000 8.22776
1266000 8.22124
1267000 8.18032
1268000 8.11399
1269000 8.03598
1270000 7.95731
1271000 7.89151
1272000 7.83274
1273000 7.77274
1274000 7.70677
1275000 7.60026
1276000 7.47127
1277000 7.32934
1278000 7.20519
1279000 7.09276
1280000 6.96569
1281000 6.83256
1282000 6.72423
1283000 6.59917
1284000 6.44015
1285000 6.25223
1286000 6.0501
1287000 5.84998
1288000 5.64077
1289000 5.45372
1290000 5.32262
1291000 5.22479
1292000 5.11604
1293000 5.00211
1294000 4.89825
1295000 4.81421
1296000 4.73928
1297000 4.66019
1298000 4.54995
1299000 4.46436
1300000 4.45006
1301000 4.46783
1302000 4.47292
1303000 4.44385
1304000 4.43168
1305000 4.41276
1306000 4.35561
1307000 4.30487
1308000 4.26742
1309000 4.22952
1310000 4.16573
1311000 4.11262
1312000 4.08479
1313000 4.07031
1314000 4.08054
1315000 4.0939
1316000 4.10691
1317000 4.14203
1318000 4.22691
1319000 4.30184
1320000 4.39238
1321000 4.4778
1322000 4.56593
1323000 4.61966
1324000 4.65045
1325000 4.65672
1326000 4.63564
1327000 4.61089
1328000 4.59231
1329000 4.57432
1330000 4.57581
1331000 4.63004
1332000 4.73665
1333000 4.88586
1334000 5.05458
1335000 5.24361
1336000 5.4467
1337000 5.65498
1338000 5.82042
1339000 5.96336
1340000 6.12831
1341000 6.29544
1342000 6.45135
1343000 6.57427
1344000 6.7023
1345000 6.85074
1346000 6.97544
1347000 7.07037
1348000 7.14564
1349000 7.20253
1350000 7.24576
1351000 7.27648
1352000 7.30884
1353000 7.33044
1354000 7.37872
1355000 7.42962
1356000 7.49873
1357000 7.58924
1358000 7.67556
1359000 7.76192
1360000 7.78912
1361000 7.76518
1362000 7.73527
1363000 7.69821
1364000 7.63538
1365000 7.55828
1366000 7.46823
1367000 7.39696
1368000 7.3547
1369000 7.33153
1370000 7.28673
1371000 7.23286
1372000 7.1814
1373000 7.13004
1374000 7.07763
1375000 7.03464
1376000 7.00074
1377000 6.96696
1378000 6.93395
1379000 6.86961
1380000 6.77273
1381000 6.68455
1382000 6.56925
1383000 6.43567
1384000 6.32594
1385000 6.20464
1386000 6.06687
1387000 5.92512
1388000 5.78512
1389000 5.64621
1390000 5.49718
1391000 5.35886
1392000 5.19307
1393000 5.01505
1394000 4.82157
1395000 4.68332
1396000 4.56288
1397000 4.48167
1398000 4.43612
1399000 4.39662
1400000 4.37166
1401000 4.33916
1402000 4.26808
1403000 4.17889
1404000 4.10186
1405000 4.03806
1406000 3.95351
1407000 3.85856
1408000 3.80158
1409000 3.77673
1410000 3.75081
1411000 3.6886
1412000 3.62465
1413000 3.66391
1414000 3.77636
1415000 3.88045
1416000 3.9198
1417000 3.91317
1418000 3.91412
1419000 3.93345
1420000 3.96824
1421000 4.05695
1422000 4.16662
1423000 4.30177
1424000 4.42192
1425000 4.50525
1426000 4.57406
1427000 4.61632
1428000 4.65631
1429000 4.74372
1430000 4.85588
1431000 4.94291
1432000 4.99904
1433000 5.03528
1434000 5.05767
1435000 5.04246
1436000 4.99774
1437000 4.95278
1438000 4.90013
1439000 4.8726
1440000 4.8696
1441000 4.89056
1442000 4.89032
1443000 4.94494
1444000 5.04112
1445000 5.08241
1446000 5.09907
1447000 5.1744
1448000 5.27791
1449000 5.39893
1450000 5.5345
1451000 5.70069
1452000 5.88569
1453000 6.05348
1454000 6.23393
1455000 6.41803
1456000 6.61136
1457000 6.80068
1458000 6.98625
1459000 7.18287
1460000 7.39772
1461000 7.60867
1462000 7.82019
1463000 8.01478
1464000 8.19286
1465000 8.34302
1466000 8.46868
1467000 8.58815
1468000 8.71831
1469000 8.85782
1470000 8.99456
1471000 9.12045
1472000 9.21462
1473000 9.28108
1474000 9.34852
1475000 9.4248
1476000 9.51485
1477000 9.59996
1478000 9.66874
1479000 9.72028
1480000 9.78674
1481000 9.86379
1482000 9.93332
1483000 9.98368
1484000 10.0233
1485000 10.0672
1486000 10.0924
1487000 10.0932
1488000 10.0839
1489000 10.0798
1490000 10.0954
1491000 10.1172
1492000 10.1143
1493000 10.0928
1494000 10.0415
1495000 9.95261
1496000 9.84797
1497000 9.74153
1498000 9.62681
1499000 9.47569
1500000 9.33074
1501000 9.21843
1502000 9.11509
1503000 9.02176
1504000 8.95469
1505000 8.92515
1506000 8.89419
1507000 8.85342
1508000 8.81035
1509000 8.76179
1510000 8.71055
1511000 8.66913
1512000 8.62992
1513000 8.59803
1514000 8.55261
1515000 8.50419
1516000 8.45774
1517000 8.4158
1518000 8.39394
1519000 8.38505
1520000 8.38184
1521000 8.36426
1522000 8.34355
1523000 8.333
1524000 8.32137
1525000 8.28635
1526000 8.23521
1527000 8.1663
1528000 8.10011
1529000 8.00581
1530000 7.86633
1531000 7.6732
1532000 7.44642
1533000 7.21962
1534000 6.98579
1535000 6.73905
1536000 6.51118
1537000 6.28725
1538000 6.07301
1539000 5.89444
1540000 5.73278
1541000 5.57663
1542000 5.44184
1543000 5.29796
1544000 5.17226
1545000 5.04751
1546000 4.93715
1547000 4.82356
1548000 4.69599
1549000 4.55902
1550000 4.44735
1551000 4.33472
1552000 4.22255
1553000 4.15972
1554000 4.14853
1555000 4.17988
1556000 4.25753
1557000 4.3984
1558000 4.57314
1559000 4.73986
1560000 4.87287
1561000 4.93783
1562000 4.95673
1563000 4.96393
1564000 5.0045
1565000 5.06672
1566000 5.13296
1567000 5.19763
1568000 5.27288
1569000 5.31693
1570000 5.33402
1571000 5.33425
1572000 5.32068
1573000 5.31206
1574000 5.3029
1575000 5.2563
1576000 5.1834
1577000 5.1219
1578000 5.12986
1579000 5.2009
1580000 5.2304
1581000 5.23282
1582000 5.25716
1583000 5.26317
1584000 5.25392
1585000 5.22988
1586000 5.21091
1587000 5.19499
1588000 5.16098
1589000 5.09021
1590000 5.00515
1591000 4.90513
1592000 4.80697
1593000 4.75756
1594000 4.71352
1595000 4.60952
1596000 4.49686
1597000 4.32877
1598000 4.11548
1599000 3.90125
1600000 3.72842
1601000 3.62774
1602000 3.57019
1603000 3.50809
1604000 3.46637
1605000 3.43815
1606000 3.4588
1607000 3.50619
1608000 3.55031
1609000 3.64423
1610000 3.8454
1611000 4.05633
1612000 4.22595
1613000 4.3351
1614000 4.34781
1615000 4.31328
1616000 4.20319
1617000 4.06646
1618000 3.88739
1619000 3.76614
1620000 3.65163
1621000 3.55376
1622000 3.4473
1623000 3.29352
1624000 3.13083
1625000 3.00342
1626000 3.00524
1627000 3.05758
1628000 3.13546
1629000 3.26541
1630000 3.4343
1631000 3.62517
1632000 3.80936
1633000 3.99696
1634000 4.12365
1635000 4.21398
1636000 4.28429
1637000 4.38252
1638000 4.4742
1639000 4.50089
1640000 4.46326
1641000 4.39222
1642000 4.29367
1643000 4.19396
1644000 4.13561
1645000 4.07673
1646000 4.02827
1647000 4.00936
1648000 4.08156
1649000 4.21752
1650000 4.34172
1651000 4.42834
1652000 4.57795
1653000 4.69044
1654000 4.72102
1655000 4.72849
1656000 4.70106
1657000 4.66289
1658000 4.63026
1659000 4.5951
1660000 4.59219
1661000 4.57406
1662000 4.52749
1663000 4.48887
1664000 4.44631
1665000 4.39245
1666000 4.31465
1667000 4.18882
1668000 4.02111
1669000 3.93063
1670000 3.87399
1671000 3.78304
1672000 3.69202
1673000 3.53752
1674000 3.3712
1675000 3.20013
1676000 3.05266
1677000 2.9548
1678000 2.93498
1679000 2.9622
1680000 3.06542
1681000 3.13205
1682000 3.2342
1683000 3.40573
1684000 3.55698
1685000 3.67999
1686000 3.7759
1687000 3.84146
1688000 3.88127
1689000 3.91241
1690000 3.96565
1691000 4.08312
1692000 4.2506
1693000 4.43735
1694000 4.61952
1695000 4.80637
1696000 4.96084
1697000 5.05497
1698000 5.12671
1699000 5.26168
1700000 5.41501
1701000 5.55718
1702000 5.65175
1703000 5.70627
1704000 5.78021
1705000 5.83715
1706000 5.90197
1707000 6.00474
1708000 6.10891
1709000 6.25141
1710000 6.43334
1711000 6.55753
1712000 6.63854
1713000 6.41487
1714000 5.97907
1715000 5.6122
1716000 5.36805
1717000 5.15514
1718000 4.86954
1719000 4.57792
1720000 4.42568
1721000 4.31115
1722000 4.30191
1723000 4.55644
1724000 4.7187
1725000 4.84343
1726000 4.97703
1727000 5.11924
1728000 5.21472
1729000 5.19063
1730000 5.21146
1731000 5.23261
1732000 5.17824
1733000 5.1311
1734000 5.21213
1735000 5.39817
1736000 5.54585
1737000 5.63856
1738000 5.74982
1739000 5.90523
1740000 6.06116
1741000 6.15571
1742000 6.21237
1743000 6.28033
1744000 6.32249
1745000 6.39656
1746000 6.5268
1747000 6.63411
1748000 6.76309
1749000 6.8964
1750000 7.04613
1751000 7.19996
1752000 7.38493
1753000 7.55362
1754000 7.70679
1755000 7.85262
1756000 7.9836
1757000 8.12276
1758000 8.26023
1759000 8.4291
1760000 8.58303
1761000 8.73731
1762000 8.87997
1763000 8.96728
1764000 9.03439
1765000 9.09448
1766000 9.12694
1767000 9.10596
1768000 9.05716
1769000 8.9647
1770000 8.91224
1771000 8.8666
1772000 8.8098
1773000 8.73398
1774000 8.66106
1775000 8.56938
1776000 8.42639
1777000 8.28466
1778000 8.12463
1779000 7.98259
1780000 7.83151
1781000 7.67239
1782000 7.51105
1783000 7.34296
1784000 7.16347
1785000 6.97913
1786000 6.7726
1787000 6.5708
1788000 6.35124
1789000 6.09978
1790000 5.79868
1791000 5.50853
1792000 5.26999
1793000 5.09672
1794000 5.02185
1795000 4.96202
1796000 4.88328
1797000 4.73775
1798000 4.69626
1799000 4.7023
1800000 4.75337
1801000 4.80422
1802000 4.81552
1803000 4.85586
1804000 4.92961
1805000 5.08582
1806000 5.3368
1807000 5.58664
1808000 5.82478
1809000 6.02836
1810000 6.2079
1811000 6.38567
1812000 6.55254
1813000 6.66404
1814000 6.78628
1815000 6.86409
1816000 6.88909
1817000 6.86008
1818000 6.82877
1819000 6.78392
1820000 6.74497
1821000 6.69454
1822000 6.61467
1823000 6.49681
1824000 6.39971
1825000 6.28758
1826000 6.09174
1827000 5.89739
1828000 5.74054
1829000 5.57808
1830000 5.42904
1831000 5.23555
1832000 5.01201
1833000 4.74509
1834000 4.52161
1835000 4.33812
1836000 4.25162
1837000 4.23462
1838000 4.18419
1839000 4.06867
1840000 3.97822
1841000 3.90602
1842000 3.88006
1843000 3.84947
1844000 3.81433
1845000 3.7062
1846000 3.63997
1847000 3.58808
1848000 3.60117
1849000 3.64969
1850000 3.61708
1851000 3.5582
1852000 3.50042
1853000 3.49218
1854000 3.45878
1855000 3.36758
1856000 3.16798
1857000 2.87628
1858000 2.63742
1859000 2.55634
1860000 2.58238
1861000 2.67701
1862000 2.89169
1863000 3.16358
1864000 3.3769
1865000 3.54204
1866000 3.7381
1867000 3.88676
1868000 4.02423
1869000 4.19466
1870000 4.32322
1871000 4.43383
1872000 4.55364
1873000 4.60664
1874000 4.62722
1875000 4.72401
1876000 4.78148
1877000 4.79348
1878000 4.83447
1879000 4.91835
1880000 5.00592
1881000 5.0378
1882000 5.10119
1883000 5.22972
1884000 5.35113
1885000 5.45097
1886000 5.52838
1887000 5.55338
1888000 5.56827
1889000 5.61395
1890000 5.66079
1891000 5.70942
1892000 5.74017
1893000 5.73776
1894000 5.68717
1895000 5.61797
1896000 5.56291
1897000 5.45212
1898000 5.29679
1899000 5.15357
1900000 4.95177
1901000 4.74382
1902000 4.57283
1903000 4.40052
1904000 4.1606
1905000 3.93513
1906000 3.74443
1907000 3.53924
1908000 3.35618
1909000 3.29024
1910000 3.29507
1911000 3.27227
1912000 3.20375
1913000 3.25646
1914000 3.27174
1915000 3.28104
1916000 3.17325
1917000 3.10665
1918000 3.08245
1919000 3.12053
1920000 3.17336
1921000 3.13635
1922000 3.01536
1923000 2.9728
1924000 3.01695
1925000 3.08279
1926000 3.1451
1927000 3.093
1928000 3.00438
1929000 2.82408
1930000 2.7408
1931000 2.70059
1932000 2.81451
1933000 2.93499
1934000 3.0317
1935000 3.0941
1936000 3.22024
1937000 3.30371
1938000 3.30996
1939000 3.30479
1940000 3.26891
1941000 3.19369
1942000 3.08201
1943000 3.06541
1944000 3.08896
1945000 3.07303
1946000 3.11376
1947000 3.18609
1948000 3.28775
1949000 3.39026
1950000 3.5838
1951000 3.8887
1952000 4.08742
1953000 4.21097
1954000 4.31838
1955000 4.38743
1956000 4.35436
1957000 4.22591
1958000 4.12891
1959000 4.01999
1960000 3.89223
1961000 3.75446
1962000 3.65465
1963000 3.66418
1964000 3.71626
1965000 3.75258
1966000 3.90314
1967000 4.04221
1968000 4.1235
1969000 4.04633
1970000 3.90008
1971000 3.73583
1972000 3.60678
1973000 3.52301
1974000 3.44247
1975000 3.34753
1976000 3.27569
1977000 3.24436
1978000 3.26179
1979000 3.24478
1980000 3.27616
1981000 3.36059
1982000 3.4878
1983000 3.55911
1984000 3.60905
1985000 3.62702
1986000 3.63141
1987000 3.66025
1988000 3.6438
1989000 3.64821
1990000 3.72567
1991000 3.77644
1992000 3.7604
1993000 3.74532
1994000 3.78182
1995000 3.86013
1996000 3.91012
1997000 3.95037
1998000 3.99875
1999000 4.04841
2000000 4.10762
2001000 4.12647
2002000 4.19253
2003000 4.31903
2004000 4.38665
2005000 4.4281
2006000 4.507
2007000 4.54511
2008000 4.53329
2009000 4.52337
2010000 4.5294
2011000 4.58705
2012000 4.65776
2013000 4.69252
2014000 4.69005
2015000 4.74784
2016000 4.78609
2017000 4.85738
2018000 4.9464
2019000 4.93738
2020000 4.90091
2021000 4.82912
2022000 4.72051
2023000 4.64763
2024000 4.56171
2025000 4.44209
2026000 4.29548
2027000 4.22213
2028000 4.18693
2029000 4.0809
2030000 3.95565
2031000 3.86182
2032000 3.73098
2033000 3.60679
2034000 3.41761
2035000 3.26248
2036000 3.10383
2037000 2.94511
2038000 2.82738
2039000 2.73333
2040000 2.63951
2041000 2.59836
2042000 2.55318
2043000 2.41311
2044000 2.28895
2045000 2.25985
2046000 2.32659
2047000 2.46278
2048000 2.59411
2049000 2.80838
2050000 3.03932
2051000 3.05583
2052000 3.00288
2053000 2.93238
2054000 2.91608
2055000 2.88486
2056000 2.83558
2057000 2.68019
2058000 2.43273
2059000 2.17597
2060000 2.01802
2061000 2.02276
2062000 2.16195
2063000 2.36912
2064000 2.55209
2065000 2.58894
2066000 2.62447
2067000 2.69361
2068000 2.75183
2069000 2.80732
2070000 2.90919
2071000 2.90578
2072000 2.925
2073000 3.0498
2074000 3.18489
2075000 3.22276
2076000 3.26951
2077000 3.32986
2078000 3.35404
2079000 3.31401
2080000 3.26751
2081000 3.1982
2082000 3.13007
2083000 3.0243
2084000 2.90904
2085000 2.8049
2086000 2.62143
2087000 2.46247
2088000 2.36069
2089000 2.33819
2090000 2.41579
2091000 2.46016
2092000 2.49628
2093000 2.56483
2094000 2.63519
2095000 2.71871
2096000 2.72367
2097000 2.70329
2098000 2.62567
2099000 2.58332
2100000 2.58757
2101000 2.68097
2102000 2.70413
2103000 2.77849
2104000 2.83668
2105000 2.85618
2106000 2.80146
2107000 2.72206
2108000 2.67156
2109000 2.68715
2110000 2.72331
2111000 2.70486
2112000 2.62252
2113000 2.63376
2114000 2.65727
2115000 2.58835
2116000 2.45632
2117000 2.4102
2118000 2.47874
2119000 2.55293
2120000 2.57851
2121000 2.52545
2122000 2.4463
2123000 2.47809
2124000 2.53181
2125000 2.48139
2126000 2.31913
2127000 2.25471
2128000 2.15153
2129000 2.12017
2130000 2.03701
2131000 2.02812
2132000 2.14314
2133000 2.32634
2134000 2.40269
2135000 2.44522
2136000 2.32724
2137000 2.16961
2138000 2.17217
2139000 2.21015
2140000 2.07188
2141000 1.97037
2142000 1.87758
2143000 1.97455
2144000 2.18564
2145000 2.29282
2146000 2.31343
2147000 2.27296
2148000 2.2559
2149000 2.11354
2150000 1.94955
2151000 1.89265
2152000 2.07253
2153000 2.20421
2154000 2.28195
2155000 2.37364
2156000 2.4745
2157000 2.60251
2158000 2.58267
2159000 2.44622
2160000 2.2221
2161000 2.19236
2162000 2.07177
2163000 1.83885
2164000 1.8184
2165000 1.90655
2166000 1.9898
2167000 2.08486
2168000 2.09875
2169000 2.10628
2170000 2.11605
2171000 2.20751
2172000 2.31058
2173000 2.30185
2174000 2.20871
2175000 2.14405
2176000 2.12298
2177000 2.03582
2178000 2.16573
2179000 2.29188
2180000 2.18046
2181000 2.05557
2182000 1.94905
2183000 1.76525
2184000 1.88356
2185000 1.88991
2186000 1.8656
2187000 1.87844
2188000 2.03725
2189000 2.20261
2190000 2.27794
2191000 2.36491
2192000 2.6013
2193000 2.6936
2194000 2.60704
2195000 2.54621
2196000 2.52663
2197000 2.56533
2198000 2.55795
2199000 2.53726
2200000 2.53022
2201000 2.46766
2202000 2.40846
2203000 2.44141
2204000 2.40405
2205000 2.34956
2206000 2.30202
2207000 2.20814
2208000 2.08108
2209000 1.96651
2210000 1.94607
2211000 2.03494
2212000 2.16146
2213000 2.18034
2214000 2.2202
2215000 2.34348
2216000 2.37451
2217000 2.36206
2218000 2.36344
2219000 2.42134
2220000 2.42303
2221000 2.3028
2222000 2.22488
2223000 2.19956
2224000 2.20435
2225000 2.05931
2226000 1.8905
2227000 1.94686
2228000 2.02667
2229000 2.03745
2230000 2.07044
2231000 2.1287
2232000 2.08001
2233000 2.05633
2234000 1.98267
2235000 1.95595
2236000 1.91662
2237000 1.92251
2238000 1.8307
2239000 1.7193
2240000 1.86532
2241000 2.02051
2242000 2.07941
2243000 2.18021
2244000 2.24548
2245000 2.13482
2246000 2.04608
2247000 1.97412
2248000 1.91896
2249000 1.99632
2250000 2.04964
2251000 2.09127
2252000 2.11303
2253000 2.05518
2254000 2.0781
2255000 2.13511
2256000 2.11062
2257000 1.90825
2258000 1.82026
2259000 1.97302
2260000 2.09167
2261000 2.18177
2262000 2.33803
2263000 2.5508
2264000 2.56839
2265000 2.52837
2266000 2.56166
2267000 2.65774
2268000 2.72882
2269000 2.69316
2270000 2.59624
2271000 2.56154
2272000 2.50774
2273000 2.42557
2274000 2.44137
2275000 2.49275
2276000 2.40643
2277000 2.33809
2278000 2.37538
2279000 2.51246
2280000 2.67728
2281000 2.80189
2282000 2.83837
2283000 2.80375
2284000 2.72166
2285000 2.68268
2286000 2.57676
2287000 2.57933
2288000 2.58003
2289000 2.54255
2290000 2.445
2291000 2.28536
2292000 2.19227
2293000 2.06253
2294000 2.04391
2295000 2.10861
2296000 2.07021
2297000 2.06941
2298000 2.1113
2299000 2.1689
2300000 2.19554
2301000 2.16618
2302000 2.19632
2303000 2.19842
2304000 2.32023
2305000 2.42488
2306000 2.52668
2307000 2.71181
2308000 2.93686
2309000 3.13801
2310000 3.12994
2311000 3.02839
2312000 2.86262
2313000 2.66187
2314000 2.42489
2315000 2.20968
2316000 2.10051
2317000 2.19239
2318000 2.28049
2319000 2.19091
2320000 2.09258
2321000 2.04964
2322000 2.10785
2323000 2.25622
2324000 2.29223
2325000 2.33884
2326000 2.36297
2327000 2.16011
2328000 1.92751
2329000 1.91889
2330000 1.92796
2331000 1.8734
2332000 2.08875
2333000 2.31241
2334000 2.34052
2335000 2.28842
2336000 2.18832
2337000 2.12476
2338000 2.19755
2339000 2.16073
2340000 2.16887
2341000 2.11694
2342000 2.13001
2343000 2.17498
2344000 2.1586
2345000 2.11087
2346000 2.04116
2347000 2.0436
2348000 2.1636
2349000 2.30577
2350000 2.33513
2351000 2.35154
2352000 2.36064
2353000 2.43916
2354000 2.48388
2355000 2.45839
2356000 2.48827
2357000 2.47683
2358000 2.48123
2359000 2.45864
2360000 2.44847
2361000 2.44584
2362000 2.4544
2363000 2.35069
2364000 2.21739
2365000 2.20813
2366000 2.30718
2367000 2.32491
2368000 2.24565
2369000 2.11654
2370000 1.91772
2371000 1.79713
2372000 1.91921
2373000 2.18018
2374000 2.38674
2375000 2.56652
2376000 2.61992
2377000 2.58581
2378000 2.58854
2379000 2.60554
2380000 2.6096
2381000 2.53785
2382000 2.466
2383000 2.40248
2384000 2.45308
2385000 2.40461
2386000 2.25126
2387000 2.19474
2388000 2.12838
2389000 2.148
2390000 2.1484
2391000 2.10413
2392000 2.00496
2393000 1.84107
2394000 1.91777
2395000 2.04236
2396000 2.11396
2397000 2.26964
2398000 2.2397
2399000 2.15795
2400000 2.10329
2401000 2.16282
2402000 2.18486
2403000 2.07844
2404000 1.98707
2405000 1.78225
2406000 1.73796
2407000 1.87514
2408000 1.93218
2409000 1.99235
2410000 2.03854
2411000 2.02534
2412000 2.12898
2413000 2.25288
2414000 2.2665
2415000 2.18959
2416000 2.18519
2417000 2.14469
2418000 2.12926
2419000 2.1864
2420000 2.24401
2421000 2.22266
2422000 2.16449
2423000 2.00087
2424000 1.89872
2425000 1.777
2426000 1.79563
2427000 1.72368
2428000 1.78479
2429000 1.84769
2430000 1.79109
2431000 1.80274
2432000 1.85458
2433000 1.84846
2434000 1.77243
2435000 1.67069
2436000 1.67441
2437000 1.73453
2438000 1.7945
2439000 1.87241
2440000 1.99689
2441000 2.04076
2442000 1.98063
2443000 1.98748
2444000 2.00735
2445000 1.97511
2446000 2.02509
2447000 2.06409
2448000 2.1411
2449000 2.18343
2450000 2.16811
2451000 2.1156
2452000 1.95365
2453000 1.9096
2454000 1.95561
2455000 2.05636
2456000 2.12618
2457000 2.20163
2458000 2.21773
2459000 2.08438
2460000 2.06239
2461000 1.9934
2462000 1.92587
2463000 1.87009
2464000 1.87797
2465000 1.97589
2466000 2.12567
2467000 2.2077
2468000 2.05739
2469000 1.97616
2470000 1.97825
2471000 2.02144
2472000 1.95307
2473000 1.92597
2474000 2.00221
2475000 2.01303
2476000 1.92824
2477000 1.89863
2478000 1.92908
2479000 1.96809
2480000 1.96113
2481000 1.83221
2482000 1.91607
2483000 2.12128
2484000 2.17926
2485000 2.18585
2486000 1.96887
2487000 1.77434
2488000 1.77255
2489000 1.8646
2490000 1.94872
2491000 1.87026
2492000 1.87411
2493000 2.00947
2494000 2.05254
2495000 1.99906
2496000 1.91782
2497000 1.81594
2498000 1.80571
2499000 1.89958
2500000 2.01834
2501000 2.03231
2502000 2.04481
2503000 2.06595
2504000 2.08797
2505000 2.03562
2506000 1.96091
2507000 1.91689
2508000 1.7236
2509000 1.67979
2510000 1.84921
2511000 1.96885
2512000 1.98945
2513000 2.01277
2514000 2.03449
2515000 2.09202
2516000 2.11392
2517000 1.95672
2518000 1.80302
2519000 1.78876
2520000 1.74284
2521000 1.79038
2522000 1.79072
2523000 1.83537
2524000 1.98946
2525000 2.02588
2526000 2.12462
2527000 2.20602
2528000 2.22451
2529000 2.10185
2530000 1.94994
2531000 1.86185
2532000 1.8289
2533000 1.84521
2534000 1.86985
2535000 1.71965
2536000 1.62601
2537000 1.85112
2538000 2.05195
2539000 2.1724
2540000 2.29725
2541000 2.35222
2542000 2.3518
2543000 2.24572
2544000 2.13965
2545000 1.95905
2546000 1.89139
2547000 1.9624
2548000 2.00686
2549000 2.01097
2550000 2.03551
2551000 1.9711
2552000 1.80359
2553000 1.88249
2554000 1.97581
2555000 1.9166
2556000 1.84175
2557000 1.79487
2558000 1.79682
2559000 1.81818
2560000 1.8607
2561000 1.96583
2562000 1.92398
2563000 1.97598
2564000 1.84529
2565000 1.83649
2566000 2.00263
2567000 1.95021
2568000 1.89294
2569000 1.78453
2570000 1.78871
2571000 1.93084
2572000 1.87322
2573000 1.77829
2574000 1.66701
2575000 1.71538
2576000 1.74203
2577000 1.80364
2578000 1.89861
2579000 1.83813
2580000 1.78571
2581000 1.69727
2582000 1.74367
2583000 1.78806
2584000 1.80761
2585000 1.89299
2586000 1.90148
2587000 1.96676
2588000 2.01705
2589000 2.07734
2590000 2.04245
2591000 1.88615
2592000 1.79771
2593000 1.80287
2594000 1.77107
2595000 1.7163
2596000 1.7915
2597000 1.72221
2598000 1.69367
2599000 1.7924
2600000 1.7746
2601000 1.79137
2602000 1.80858
2603000 1.73537
2604000 1.65679
2605000 1.77031
2606000 2.05431
2607000 2.31991
2608000 2.46791
2609000 2.48398
2610000 2.39731
2611000 2.18954
2612000 1.84472
2613000 1.77127
2614000 1.82987
2615000 1.84766
2616000 1.86746
2617000 1.91519
2618000 1.80235
2619000 1.75133
2620000 1.79348
2621000 1.85792
2622000 1.73239
2623000 1.62556
2624000 1.68232
2625000 1.74155
2626000 1.82095
2627000 1.74998
2628000 1.76628
2629000 1.77369
2630000 1.66931
2631000 1.62388
2632000 1.67229
2633000 1.71841
2634000 1.67208
2635000 1.62291
2636000 1.70445
2637000 1.6436
2638000 1.73325
2639000 1.83681
2640000 1.77174
2641000 1.72811
2642000 1.70319
2643000 1.65957
2644000 1.75809
2645000 1.82032
2646000 1.87318
2647000 1.94952
2648000 1.96735
2649000 1.82727
2650000 1.78238
2651000 1.74802
2652000 1.62498
2653000 1.73343
2654000 1.9302
2655000 1.94844
2656000 1.9333
2657000 1.82399
2658000 1.77308
2659000 1.74174
2660000 1.82109
2661000 1.90916
2662000 1.89633
2663000 1.71691
2664000 1.5528
2665000 1.66875
2666000 1.77249
2667000 1.83108
2668000 1.91117
2669000 2.01064
2670000 2.09013
2671000 1.93345
2672000 1.8125
2673000 1.67482
2674000 1.6278
2675000 1.7409
2676000 1.80788
2677000 1.92769
2678000 2.05366
2679000 2.08753
2680000 1.97321
2681000 1.78636
2682000 1.74795
2683000 1.78249
2684000 1.88235
2685000 1.94083
2686000 1.87294
2687000 1.71513
2688000 1.64919
2689000 1.79309
2690000 1.88489
2691000 1.8977
2692000 2.01051
2693000 2.03579
2694000 1.88257
2695000 1.77884
2696000 1.73181
2697000 1.87014
2698000 1.99923
2699000 2.03972
2700000 2.02451
2701000 1.94439
2702000 1.89024
2703000 1.80736
2704000 1.77593
2705000 1.9641
2706000 2.09267
2707000 2.09052
2708000 1.93809
2709000 1.90921
2710000 1.92737
2711000 1.89057
2712000 1.87532
2713000 1.99023
2714000 2.09655
2715000 2.15246
2716000 2.21585
2717000 2.1719
2718000 1.94789
2719000 1.83761
2720000 1.96614
2721000 2.00317
2722000 1.94671
2723000 1.89864
2724000 1.74035
2725000 1.64116
2726000 1.65203
2727000 1.73751
2728000 1.76495
2729000 1.74551
2730000 1.75064
2731000 1.7804
2732000 1.80742
2733000 1.88063
2734000 1.89023
2735000 1.85634
2736000 1.90994
2737000 1.93963
2738000 1.92341
2739000 1.94941
2740000 1.94092
2741000 1.80468
2742000 1.63545
2743000 1.65247
2744000 1.74246
2745000 1.66778
2746000 1.66329
2747000 1.51952
2748000 1.60379
2749000 1.70841
2750000 1.68642
2751000 1.65186
2752000 1.61022
2753000 1.6618
2754000 1.66388
2755000 1.66646
2756000 1.66988
2757000 1.72093
2758000 1.66482
2759000 1.78312
2760000 1.71048
2761000 1.68048
2762000 1.7079
2763000 1.71275
2764000 1.74258
2765000 1.7461
2766000 1.62061
2767000 1.63736
2768000 1.63662
2769000 1.63855
2770000 1.69019
2771000 1.63298
2772000 1.64826
2773000 1.77606
2774000 1.92382
2775000 1.84127
2776000 1.5785
2777000 1.64094
2778000 1.79939
2779000 1.93567
2780000 1.94749
2781000 1.88941
2782000 1.9182
2783000 1.84309
2784000 1.69528
2785000 1.65043
2786000 1.70095
2787000 1.69219
2788000 1.72279
2789000 1.72987
2790000 1.81446
2791000 1.84804
2792000 1.77295
2793000 1.66376
2794000 1.66701
2795000 1.79481
2796000 1.86987
2797000 1.82755
2798000 1.76741
2799000 1.68893
2800000 1.69643
2801000 1.79149
2802000 1.86045
2803000 1.82379
2804000 1.79462
2805000 1.79355
2806000 1.83915
2807000 1.88664
2808000 1.95147
2809000 1.97782
2810000 1.91816
2811000 1.84418
2812000 1.84138
2813000 1.85815
2814000 1.83544
2815000 1.88525
2816000 1.9425
2817000 2.08574
2818000 2.18372
2819000 2.23478
2820000 2.24471
2821000 2.291
2822000 2.21586
2823000 2.05269
2824000 1.83784
2825000 1.66584
2826000 1.78212
2827000 2.01135
2828000 2.02483
2829000 1.86687
2830000 1.8638
2831000 1.85516
2832000 1.84714
2833000 1.75604
2834000 1.66306
2835000 1.74994
2836000 1.80881
2837000 1.84778
2838000 1.81709
2839000 1.78557
2840000 1.70933
2841000 1.57695
2842000 1.68982
2843000 1.6951
2844000 1.6832
2845000 1.71325
2846000 1.5962
2847000 1.63019
2848000 1.58542
2849000 1.51692
2850000 1.73022
2851000 1.8524
2852000 1.73302
2853000 1.61056
2854000 1.61702
2855000 1.81444
2856000 1.88707
2857000 2.02489
2858000 2.02338
2859000 1.9479
2860000 1.76582
2861000 1.67183
2862000 1.78652
2863000 1.82548
2864000 1.70832
2865000 1.62415
2866000 1.62907
2867000 1.63172
2868000 1.60169
2869000 1.68863
2870000 1.77345
2871000 1.83156
2872000 1.82677
2873000 1.71618
2874000 1.81003
2875000 1.80402
2876000 1.70043
2877000 1.7668
2878000 1.90999
2879000 1.88454
2880000 1.77217
2881000 1.7579
2882000 1.84385
2883000 1.92906
2884000 1.80582
2885000 1.73835
2886000 1.73441
2887000 1.88363
2888000 2.00823
2889000 2.02545
2890000 1.99607
2891000 1.8047
2892000 1.78252
2893000 1.76599
2894000 1.73825
2895000 1.756
2896000 1.71282
2897000 1.70514
2898000 1.707
2899000 1.77751
2900000 1.79367
2901000 1.83357
2902000 1.72209
2903000 1.75124
2904000 1.88084
2905000 1.90918
2906000 1.79044
2907000 1.82603
2908000 1.78276
2909000 1.82017
2910000 1.95698
2911000 1.93208
2912000 1.84646
2913000 1.65997
2914000 1.72363
2915000 1.95688
2916000 2.13202
2917000 2.15526
2918000 2.02511
2919000 1.89627
2920000 1.87814
2921000 1.8578
2922000 1.76039
2923000 1.77469
2924000 1.80186
2925000 1.77464
2926000 1.83834
2927000 1.7976
2928000 1.68156
2929000 1.55671
2930000 1.5852
2931000 1.63881
2932000 1.70327
2933000 1.65834
2934000 1.66724
2935000 1.66295
2936000 1.53955
2937000 1.57535
2938000 1.66213
2939000 1.68649
2940000 1.69355
2941000 1.60414
2942000 1.55768
2943000 1.70918
2944000 1.77357
2945000 1.63341
2946000 1.65266
2947000 1.65841
2948000 1.74191
2949000 1.76339
2950000 1.67978
2951000 1.69954
2952000 1.73094
2953000 1.78949
2954000 1.82174
2955000 1.75544
2956000 1.7723
2957000 1.70421
2958000 1.5651
2959000 1.59436
2960000 1.68509
2961000 1.7609
2962000 1.82198
2963000 1.77954
2964000 1.8458
2965000 1.84552
2966000 1.91596
2967000 1.98765
2968000 1.9651
2969000 1.97698
2970000 1.92799
2971000 1.80874
2972000 1.62177
2973000 1.6865
2974000 1.78165
2975000 1.84234
2976000 1.81129
2977000 1.66812
2978000 1.64763
2979000 1.69918
2980000 1.73054
2981000 1.78504
2982000 1.67577
2983000 1.58337
2984000 1.70179
2985000 1.62928
2986000 1.71163
2987000 1.85556
2988000 1.91009
2989000 1.94733
2990000 1.91847
2991000 1.87993
2992000 1.76555
2993000 1.70687
2994000 1.80402
2995000 2.03459
2996000 2.09605
2997000 1.95179
2998000 1.77748
2999000 1.8288
3000000 1.97168
3001000 1.99746
3002000 1.9507
3003000 1.9055
3004000 1.97507
3005000 2.06105
3006000 2.12596
3007000 2.05016
3008000 1.85824
3009000 1.76839
3010000 1.86288
3011000 2.48629
3012000 3.50183
3013000 4.12391
3014000 4.47541
3015000 4.84392
3016000 5.23477
3017000 5.60949
3018000 6.07064
3019000 6.62073
3020000 7.23794
3021000 7.88064
3022000 8.42725
3023000 8.90906
3024000 9.31085
3025000 9.67206
3026000 10.0507
3027000 10.4498
3028000 10.8757
3029000 11.296
3030000 11.6368
3031000 11.9072
3032000 12.1682
3033000 12.3854
3034000 12.5451
3035000 12.6638
3036000 12.7239
3037000 12.7294
3038000 12.6254
3039000 12.4694
3040000 12.2961
3041000 12.1121
3042000 11.9249
3043000 11.7277
3044000 11.5411
3045000 11.4008
3046000 11.2813
3047000 11.1457
3048000 11.0575
3049000 10.9594
3050000 10.8513
3051000 10.7547
3052000 10.636
3053000 10.5558
3054000 10.5333
3055000 10.5426
3056000 10.5061
3057000 10.3793
3058000 10.1979
3059000 10.0275
3060000 9.89076
3061000 9.71247
3062000 9.53015
3063000 9.30011
3064000 9.01015
3065000 8.62009
3066000 8.15788
3067000 7.71315
3068000 7.32308
3069000 7.01621
3070000 6.66565
3071000 6.29686
3072000 5.89028
3073000 5.45074
3074000 5.074
3075000 4.6517
3076000 4.41693
3077000 4.27693
3078000 4.20048
3079000 4.15039
3080000 4.24404
3081000 4.58487
3082000 4.95452
3083000 5.37094
3084000 5.78506
3085000 6.17336
3086000 6.45622
3087000 6.71879
3088000 6.96625
3089000 7.13862
3090000 7.35434
3091000 7.64086
3092000 7.90176
3093000 8.08054
3094000 8.22575
3095000 8.39233
3096000 8.5169
3097000 8.58479
3098000 8.61172
3099000 8.57367
3100000 8.48784
3101000 8.39077
3102000 8.2757
3103000 8.13475
3104000 7.92309
3105000 7.62028
3106000 7.25939
3107000 6.95432
3108000 6.72213
3109000 6.43062
3110000 6.12428
3111000 5.85761
3112000 5.66356
3113000 5.4837
3114000 5.37588
3115000 5.32195
3116000 5.35033
3117000 5.43006
3118000 5.5506
3119000 5.7505
3120000 5.99644
3121000 6.25002
3122000 6.53219
3123000 6.79608
3124000 6.99345
3125000 7.14511
3126000 7.26982
3127000 7.36605
3128000 7.36938
3129000 7.28986
3130000 7.15781
3131000 7.04373
3132000 6.93327
3133000 6.82872
3134000 6.76157
3135000 6.64157
3136000 6.54797
3137000 6.46552
3138000 6.36242
3139000 6.26258
3140000 6.18492
3141000 6.04629
3142000 5.89048
3143000 5.71507
3144000 5.6327
3145000 5.57686
3146000 5.58575
3147000 5.60701
3148000 5.53828
3149000 5.44926
3150000 5.37949
3151000 5.31954
3152000 5.2909
3153000 5.22992
3154000 5.04386
3155000 4.88024
3156000 4.72555
3157000 4.50464
3158000 4.28091
3159000 4.10036
3160000 3.869
3161000 3.72298
3162000 3.50076
3163000 3.30608
3164000 3.2259
3165000 3.34607
3166000 3.44645
3167000 3.42826
3168000 3.38734
3169000 3.53963
3170000 3.69887
3171000 4.00442
3172000 4.31205
3173000 4.51015
3174000 4.63761
3175000 4.75501
3176000 4.93384
3177000 5.10871
3178000 5.27253
3179000 5.38235
3180000 5.40151
3181000 5.38362
3182000 5.36956
3183000 5.38865
3184000 5.33987
3185000 5.35573
3186000 5.3789
3187000 5.36118
3188000 5.33266
3189000 5.33996
3190000 5.37394
3191000 5.35197
3192000 5.32144
3193000 5.23774
3194000 5.11208
3195000 5.02623
3196000 4.86221
3197000 4.71714
3198000 4.55637
3199000 4.41134
3200000 4.25975
3201000 4.11912
3202000 4.06904
3203000 4.01114
3204000 3.91724
3205000 3.95344
3206000 4.08619
3207000 4.17562
3208000 4.26064
3209000 4.38067
3210000 4.51467
3211000 4.57015
3212000 4.60306
3213000 4.6611
3214000 4.76051
3215000 4.73809
3216000 4.67957
3217000 4.61054
3218000 4.60109
3219000 4.64176
3220000 4.66153
3221000 4.71845
3222000 4.70418
3223000 4.69411
3224000 4.75151
3225000 4.82405
3226000 4.89109
3227000 4.91371
3228000 4.81636
3229000 4.67553
3230000 4.49137
3231000 4.35659
3232000 4.12598
3233000 3.9775
3234000 3.8816
3235000 3.74
3236000 3.63205
3237000 3.48549
3238000 3.37136
3239000 3.39256
3240000 3.50427
3241000 3.58421
3242000 3.72314
3243000 3.91595
3244000 3.97007
3245000 3.9282
3246000 3.84927
3247000 3.83432
3248000 3.87977
3249000 4.0421
3250000 4.33695
3251000 4.65506
3252000 4.83912
3253000 4.88054
3254000 4.90365
3255000 4.79165
3256000 4.59106
3257000 4.30119
3258000 4.00736
3259000 3.66599
3260000 3.36548
3261000 3.26753
3262000 3.36968
3263000 3.43558
3264000 3.51146
3265000 3.53983
3266000 3.61687
3267000 3.63606
3268000 3.54066
3269000 3.51482
3270000 3.41684
3271000 3.38828
3272000 3.34378
3273000 3.23561
3274000 3.11858
3275000 2.96526
3276000 2.84462
3277000 2.89051
3278000 2.97471
3279000 3.00793
3280000 3.04733
3281000 3.06566
3282000 2.9911
3283000 2.71743
3284000 2.59959
3285000 2.5978
3286000 2.71038
3287000 2.90117
3288000 2.92578
3289000 2.78366
3290000 2.6222
3291000 2.46118
3292000 2.28313
3293000 2.18735
3294000 2.12671
3295000 2.05861
3296000 2.18361
3297000 2.32037
3298000 2.54731
3299000 2.79197
3300000 2.89005
3301000 2.92668
3302000 2.97657
3303000 2.96694
3304000 2.95011
3305000 2.99049
3306000 3.17634
3307000 3.50325
3308000 3.64743
3309000 3.81536
3310000 3.95857
3311000 4.04572
3312000 4.0297
3313000 3.96636
3314000 3.87071
3315000 3.80166
3316000 3.76937
3317000 3.77594
3318000 3.75413
3319000 3.76256
3320000 3.71259
3321000 3.74589
3322000 3.73488
3323000 3.58946
3324000 3.334
3325000 3.05747
3326000 2.75597
3327000 2.36435
3328000 2.23105
3329000 2.25158
3330000 2.46041
3331000 2.75252
3332000 2.83882
3333000 2.77018
3334000 2.65593
3335000 2.58609
3336000 2.55935
3337000 2.56214
3338000 2.5173
3339000 2.65144
3340000 2.74734
3341000 2.88661
3342000 2.96308
3343000 2.88917
3344000 2.60358
3345000 2.3092
3346000 2.00272
3347000 1.98026
3348000 2.03219
3349000 2.04117
3350000 2.11544
3351000 2.14699
3352000 2.12378
3353000 2.12527
3354000 2.10763
3355000 1.95202
3356000 1.85748
3357000 1.9336
3358000 2.07922
3359000 2.12218
3360000 2.05765
3361000 1.94962
3362000 2.02646
3363000 2.0161
3364000 2.20896
3365000 2.33063
3366000 2.35558
3367000 2.22833
3368000 2.10048
3369000 2.1814
3370000 2.2236
3371000 2.14393
3372000 1.96442
3373000 2.00016
3374000 2.18855
3375000 2.24556
3376000 2.22331
3377000 2.33783
3378000 2.37268
3379000 2.23568
3380000 2.13576
3381000 2.02963
3382000 2.1325
3383000 2.27731
3384000 2.32987
3385000 2.51693
3386000 2.81131
3387000 2.92411
3388000 2.95905
3389000 2.92678
3390000 2.79166
3391000 2.57474
3392000 2.34658
3393000 2.08102
3394000 2.04886
3395000 2.0344
3396000 1.96778
3397000 2.11846
3398000 2.38611
3399000 2.49106
3400000 2.47569
3401000 2.58796
3402000 2.70849
3403000 2.77546
3404000 2.74487
3405000 2.66801
3406000 2.5318
3407000 2.20245
3408000 1.99383
3409000 1.99852
3410000 2.13263
3411000 2.25398
3412000 2.25951
3413000 2.26178
3414000 2.41418
3415000 2.53598
3416000 2.39847
3417000 2.20302
3418000 2.13792
3419000 2.03134
3420000 2.01591
3421000 1.88557
3422000 1.91599
3423000 2.00667
3424000 2.02179
3425000 2.01208
3426000 2.02783
3427000 2.05117
3428000 2.15809
3429000 2.38495
3430000 2.5135
3431000 2.6517
3432000 2.8701
3433000 3.02653
3434000 3.16279
3435000 3.2509
3436000 3.28417
3437000 3.24772
3438000 3.17487
3439000 3.199
3440000 3.1578
3441000 3.01006
3442000 2.82286
3443000 2.66426
3444000 2.45286
3445000 2.26819
3446000 2.22486
3447000 2.35712
3448000 2.42246
3449000 2.41889
3450000 2.37731
3451000 2.37768
3452000 2.45959
3453000 2.50158
3454000 2.47535
3455000 2.442
3456000 2.60396
3457000 2.62044
3458000 2.46166
3459000 2.38939
3460000 2.47965
3461000 2.46913
3462000 2.30106
3463000 2.13127
3464000 1.86008
3465000 1.85334
3466000 1.99392
3467000 2.08552
3468000 2.07101
3469000 2.1676
3470000 2.18275
3471000 1.98116
3472000 1.94913
3473000 1.98315
3474000 1.8777
3475000 1.91131
3476000 1.96497
3477000 1.8404
3478000 1.93821
3479000 2.23194
3480000 2.32346
3481000 2.41334
3482000 2.4419
3483000 2.38523
3484000 2.29761
3485000 2.07107
3486000 1.96565
3487000 2.10428
3488000 2.25984
3489000 2.37031
3490000 2.49884
3491000 2.44163
3492000 2.31478
3493000 2.17688
3494000 2.09827
3495000 2.16847
3496000 2.29719
3497000 2.28932
3498000 2.34188
3499000 2.39301
3500000 2.2615
3501000 2.13749
3502000 2.14603
3503000 2.08158
3504000 2.06701
3505000 2.01509
3506000 2.12243
3507000 2.23024
3508000 2.28701
3509000 2.33563
3510000 2.32457
3511000 2.17008
3512000 2.0241
3513000 1.82627
3514000 1.75275
3515000 1.74705
3516000 1.96509
3517000 2.09874
3518000 2.23783
3519000 2.29311
3520000 2.26681
3521000 2.07443
3522000 1.75422
3523000 1.83363
3524000 2.04899
3525000 2.22251
3526000 2.41265
3527000 2.45687
3528000 2.40966
3529000 2.31858
3530000 2.14732
3531000 2.01682
3532000 1.89544
3533000 1.89986
3534000 2.08462
3535000 2.31469
3536000 2.48834
3537000 2.50789
3538000 2.46892
3539000 2.39317
3540000 2.4196
3541000 2.42682
3542000 2.4722
3543000 2.55804
3544000 2.49304
3545000 2.36848
3546000 2.18391
3547000 2.17505
3548000 2.13563
3549000 2.00987
3550000 1.97016
3551000 2.09194
3552000 2.18765
3553000 2.23079
3554000 2.22029
3555000 1.95811
3556000 1.76029
3557000 1.9184
3558000 2.10833
3559000 2.1303
3560000 2.03706
3561000 1.98075
3562000 1.96345
3563000 1.825
3564000 1.71313
3565000 1.99755
3566000 2.23252
3567000 2.16104
3568000 1.96056
3569000 1.78019
3570000 1.81557
3571000 1.80796
3572000 1.78869
3573000 1.83417
3574000 1.79988
3575000 1.67628
3576000 1.77048
3577000 1.89134
3578000 1.96882
3579000 1.91839
3580000 1.80019
3581000 1.74523
3582000 1.87391
3583000 1.96891
3584000 2.07853
3585000 2.08663
3586000 1.98558
3587000 2.02604
3588000 1.88356
3589000 1.80482
3590000 1.82009
3591000 1.86386
3592000 1.97029
3593000 1.81966
3594000 1.66818
3595000 1.70313
3596000 1.8066
3597000 1.92175
3598000 1.91641
3599000 1.78551
3600000 1.6966
3601000 1.77171
3602000 1.89125
3603000 1.92989
3604000 1.81553
3605000 1.96771
3606000 2.17699
3607000 2.11152
3608000 1.86968
3609000 1.86342
3610000 2.11258
3611000 2.13011
3612000 2.19159
3613000 2.17506
3614000 2.01491
3615000 2.0011
3616000 1.9306
3617000 1.968
3618000 1.85049
3619000 1.79052
3620000 1.81138
3621000 1.97745
3622000 2.08344
3623000 2.17905
3624000 2.24605
3625000 2.1311
3626000 1.8203
3627000 1.73319
3628000 1.97302
3629000 2.04439
3630000 2.26717
3631000 2.27513
3632000 2.18945
3633000 2.16559
3634000 2.26928
3635000 2.42952
3636000 2.5289
3637000 2.52531
3638000 2.30506
3639000 1.96453
3640000 1.82061
3641000 1.84036
3642000 1.99573
3643000 2.27123
3644000 2.2219
3645000 2.16913
3646000 2.11422
3647000 2.12938
3648000 1.97428
3649000 1.89307
3650000 2.05575
3651000 2.17026
3652000 2.27916
3653000 2.14693
3654000 2.02366
3655000 1.94385
3656000 1.8247
3657000 1.8399
3658000 1.95557
3659000 1.94243
3660000 1.84223
3661000 1.76268
3662000 1.81861
3663000 2.02147
3664000 1.96417
3665000 1.9752
3666000 2.09397
3667000 1.88989
3668000 1.82964
