# Time-averaged data for fix myfixReac
# TimeStep f_4[1] f_4[2] f_4[3] f_4[4]
1011000 1 0 0.42 0
1012000 1 0.16 1 0.66
1013000 1 1 1.06 1
1014000 1.33 1 2 1
1015000 2 1 2 1.82
1016000 2 1 2 2
1017000 2.66 1 2 2.93
1018000 3 1.21 2 3
1019000 3 2 2.83 3
1020000 3 2 3 3
1021000 3 2 3 3
1022000 3 2.4 3 3
1023000 3 3 3 3
1024000 3 3 3 3
1025000 3 3 3 3
1026000 3 3.59 3 3
1027000 3 4 3 3
1028000 3 4 3 3
1029000 3 4.5 3 3
1030000 3 5 3 3.8
1031000 3 5 3 4
1032000 3 5 3 4
1033000 3.37 5 3 4
1034000 4.6 5 3 4
1035000 5 5 3 4
1036000 5 5 3 4.68
1037000 5 5 3 5
1038000 5 5 3 5
1039000 5 5.04 3 5
1040000 5 6 3 5
1041000 5 6 3.76 5
1042000 5 6 5 5
1043000 5 6.62 5 5
1044000 5.25 7 5 5
1045000 6 7 5 5
1046000 6 7 5 5
1047000 6 7 5.03 5
1048000 6 7 6 5
1049000 6.17 7 6 5
1050000 7 7.24 6 5
1051000 7 8 6.99 5.41
1052000 7.73 8.44 7 6
1053000 8 9 7.79 6.31
1054000 9.55 9 8 7.97
1055000 10 9 8 9
1056000 11.72 9 8 9
1057000 12 9.6 8 9
1058000 12 10 8 10.72
1059000 12 10 8 12
1060000 12 10 8.76 12
1061000 12 10 9 12
1062000 12 10 9 12.3
1063000 12 10 9 13
1064000 12 10 9.04 13
1065000 12 10 10.82 13.42
1066000 12 10 11 14
1067000 12 10 11 14
1068000 12 10.32 11 14
1069000 12 11 11 14
1070000 13.57 11.26 11 14.52
1071000 14 12.59 11 15
1072000 14 13 11 15
1073000 14 13.99 11 15
1074000 14 14 11 15.96
1075000 14.58 14 11 17
1076000 15 14 11 17
1077000 15 14 11 17
1078000 15 14.12 11 17
1079000 15.88 15 11 17
1080000 16 15 11.08 17.13
1081000 16 15 12 18
1082000 16.48 15 12.39 18
1083000 17 15 13 18
1084000 17 15.88 13 18.89
1085000 17 16 13 19
1086000 17 16 13.57 19
1087000 17 16 14 19
1088000 17.23 16 14 19
1089000 18 16 14 19
1090000 18 16 14 19
1091000 18 16 14 19
1092000 18 16 14 19
1093000 18 16 14 19
1094000 18 16 14 19
1095000 18 16 14 19
1096000 18 16 14.81 19
1097000 18 16 15 19
1098000 18 16 15 19.72
1099000 18 16 15 20
1100000 18 16 15 20
1101000 18.13 16 15 20
1102000 19 16 15.9 20
1103000 19 16 16 20
1104000 19 16.87 16 20
1105000 19 17 16 20.99
1106000 19 17 16 21
1107000 19.76 17 16 21
1108000 20 17.46 16 21
1109000 20 18 16 21.35
1110000 20.56 18 16 22
1111000 22.87 18 16 22.38
1112000 23.77 18 16 23
1113000 25.33 18 16 23
1114000 26 18 16 23
1115000 26 18 16 23
1116000 26 18 16 23
1117000 26.02 18.55 16 23
1118000 27.06 19 16 23
1119000 28 19.94 16.54 23
1120000 28 20.18 17 23
1121000 28 21 17 23
1122000 28 21 17.3 23
1123000 28 21 18.25 23
1124000 28 21 19 23
1125000 28 21 19 23
1126000 28 21 19 23
1127000 28 21 19 23
1128000 28 21.34 19 23
1129000 28 22 19 23
1130000 28 22 19.92 23.83
1131000 28 22 20 24
1132000 28 22 20.98 24
1133000 28 22 21 24
1134000 28 22 21 24
1135000 28 22 21.76 24.22
1136000 28 22 22 25
1137000 28.17 22.13 22.34 25.93
1138000 29 23 23.81 26
1139000 29 23 24 26
1140000 29 23 24 26
1141000 29 23 24 26
1142000 29 23 24 26
1143000 29 23 24 26
1144000 29 23 24.01 26
1145000 29 23 25.95 26
1146000 29 23 26 26
1147000 29 23 26 26
1148000 29 23.46 26 26
1149000 29 24.95 26 26.42
1150000 29 25 26.23 27
1151000 29.45 25 27 27
1152000 30 25.92 27.87 27
1153000 30 26 28 27
1154000 30 26 28.39 27.77
1155000 30 26 29 28
1156000 30 26 29.45 28
1157000 30 26 30 28
1158000 30 26 30 28
1159000 30 26 30 28
1160000 30 26 30 28
1161000 30 26 30 28
1162000 30 26.34 30 28
1163000 30 27 30 28.4
1164000 30 27.54 30 29
1165000 30 28 30 29
1166000 30.21 28 30 29
1167000 31 28 30 29
1168000 31 28 30 29.12
1169000 31 28 30 30.53
1170000 31 28 30 31
1171000 31 28 30 31
1172000 31.7 28 30 31
1173000 32 28 30 31
1174000 32 28 30.98 31
1175000 32 28 31 32.17
1176000 32 28 31 34
1177000 32 28 31 34
1178000 32 28 31 34.19
1179000 32 28 31 35
1180000 32 28 31 35
1181000 32 28 31 35
1182000 32 28.29 31 35
1183000 32 29 31 35
1184000 32 29 31.64 35
1185000 32 29 32 35.42
1186000 32 29 32 36
1187000 32 29.41 32 36.93
1188000 32 30 32 37
1189000 32.16 30 32 37.71
1190000 33 30.74 32 38
1191000 33 31 32.14 38
1192000 33 31.08 33 38
1193000 33.42 32 33 38.67
1194000 34 32 33 39
1195000 34 32 33 39.8
1196000 34 32 33 40
1197000 34 32 33 40
1198000 34 32 33 40
1199000 34.71 32 33 40
1200000 35.43 32 33 40
1201000 36 32 33 40
1202000 36 32 33 40
1203000 36 32 33 40
1204000 36 32 33 40
1205000 36 32 33 40
1206000 36 32 33 40
1207000 36 32 33 40
1208000 36 32 33 40
1209000 36.9 32 33 40
1210000 37 32 33 40
1211000 37.8 32 33 40.86
1212000 38 32 33 41
1213000 38 32 33 41
1214000 38 32 33 41
1215000 38 32 33 41
1216000 38 32 33 41
1217000 38 32.22 33 41
1218000 38.68 33 33 41
1219000 39 33 34.29 41
1220000 39 33 35 41
1221000 39 33 35.42 41
1222000 39 33 36.19 41
1223000 39 33 37.37 41
1224000 39 33 38 41
1225000 39 34.16 38.24 41.84
1226000 39 35 39 42
1227000 39 35 39 42.08
1228000 39 35 39.92 43.29
1229000 39 35 40 44.64
1230000 39 35 40.12 45.39
1231000 39 35 41 46.08
1232000 39 35 41 47
1233000 39 35.2 41 47
1234000 39 36 41 47
1235000 39 36 41 47
1236000 39 36.78 41 47
1237000 39 37.23 41 47
1238000 39 38 41.21 47
1239000 39.59 38 42 47
1240000 40 38 42 47
1241000 40 38 42 47
1242000 40 38 42 47
1243000 40 38 42.85 47
1244000 40 38 43 47
1245000 40 38.31 43 47
1246000 40 39 43 47.78
1247000 40 39.36 43 48
1248000 40 40.31 43 48
1249000 40 41.07 43 48
1250000 40.96 42 43 48
1251000 41 42 43 48.97
1252000 41 42 43 49
1253000 41.23 42.1 43 49
1254000 42 43 43 49
1255000 42 43 43 49.55
1256000 42.65 43 43 50
1257000 43 43 43 50
1258000 43 43.68 43 50
1259000 43 44 43 50
1260000 43 44 43 50.89
1261000 43 44 43 51
1262000 43.07 44 43 51
1263000 44 44.36 43 51
1264000 44 45 43.2 51
1265000 44.76 45 44 51
1266000 45 45 44.4 51
1267000 45 45 45 51
1268000 45 45 45 51
1269000 45 45 45 51
1270000 45 45 45 51
1271000 45 45 45 51.85
1272000 45 45 45 52
1273000 45 45 45 52
1274000 45 45 45 52
1275000 45 45.42 45 52.02
1276000 45 46 45 53
1277000 45 46 45 53
1278000 45 46 45 53
1279000 45 46 45.12 53
1280000 45 46 46 53
1281000 45 46 46.87 53
1282000 45.44 46 47 53
1283000 46 46 47.66 53
1284000 46 46 48 53
1285000 46 46 48.97 53
1286000 46 46 49 53
1287000 46 46 49 53
1288000 46 46 49 53.46
1289000 46 46 49 54
1290000 46 46 49.86 54
1291000 46 46.71 51 54
1292000 46 47 51.13 54
1293000 46 47 52 54.51
1294000 46 47 52 55
1295000 46 47 52 55
1296000 46 47.78 52 55
1297000 46.58 48 52 55
1298000 47 48 52.99 55
1299000 47 48 53 55
1300000 47 48.89 54.35 55.81
1301000 47 49 55 56
1302000 47 49 55 56.89
1303000 47.52 49 55 57
1304000 48 49 55 57.78
1305000 48 49.77 55 58
1306000 48 50 55 58
1307000 48 50 55 58
1308000 48 50 55 58
1309000 48.98 50 55 58
1310000 49 50 55 58
1311000 49.99 50 55.68 58.23
1312000 50 50 56 59
1313000 50 50 56 59
1314000 50 50 56 59
1315000 50 50 56.95 59
1316000 50 50 57 59
1317000 50 50.5 57 59.61
1318000 50 51 57 60
1319000 50 51 57 60.55
1320000 50 51.46 57 61
1321000 50 52 57 61
1322000 50 52 57.21 61.02
1323000 50 52 58 62
1324000 50 52 58 62
1325000 50 52 58 62
1326000 50 52 58 62
1327000 50 52 58.77 62
1328000 50 52 59.56 62
1329000 50 52 60 62
1330000 50 52 60 62
1331000 50 52.55 60 62
1332000 50 53 60 62
1333000 50 53 60 62
1334000 50.7 53 60 62.85
1335000 51.59 53 60 63
1336000 52 53 60 63
1337000 52.31 53 60 63
1338000 53 53 60.13 63
1339000 53 53 61 63
1340000 53 53 61.54 63
1341000 53 53 63 63
1342000 53 53 63.34 63.8
1343000 53 53 64.49 64
1344000 53 53 66 64
1345000 53 53 66 64
1346000 53 53.13 66 64
1347000 53 54 66 64
1348000 53 54.54 66 64
1349000 53.54 55.03 66 65.65
1350000 54 56.27 66 67
1351000 54.04 57 66 67
1352000 55 57 66 67
1353000 55 57 66 67
1354000 55 57.22 66 67
1355000 55.81 58 66 67
1356000 56 58 66 67
1357000 56 58 66 67
1358000 56 58 66 67
1359000 56 58 66.69 67
1360000 56 58 67 67
1361000 56 58 67 67.56
1362000 56 58 67 68
1363000 56 58 67 68
1364000 56 58 67.17 68
1365000 56 58 68 68
1366000 56 58 68 68
1367000 56 58 68 68
1368000 56 58 68 68
1369000 56.98 58 68 68
1370000 57 58 68 68.08
1371000 57 58 68 69
1372000 57 58.26 68 69.15
1373000 57 59.4 68 70
1374000 57.18 60 68 70
1375000 58 60 68 70
1376000 58 60 68.84 70
1377000 58 61.03 69 70
1378000 58 62 69 70
1379000 58.98 62 69 70
1380000 59 62.2 69.88 70
1381000 59 63 71 70
1382000 59 63 71 70
1383000 59.81 63 71.86 70
1384000 60 63 73 70
1385000 60 63 73 70
1386000 60 63 73 70
1387000 60 63 73.95 70
1388000 60.68 63 74 70
1389000 61 63 74 70
1390000 61.4 63 74 70.15
1391000 62.71 63 74 71.33
1392000 63 63.04 74 72.25
1393000 63 64 74 73
1394000 63 64 74 73
1395000 63 64 74.05 73
1396000 63 64 75.27 73
1397000 63.4 64 76.75 73
1398000 64 64 78.85 73.41
1399000 64 64 79 74
1400000 64 64 79.97 74
1401000 64 64 80 74
1402000 64 64 80 74
1403000 64 64.22 80 74
1404000 64 65 80.43 74
1405000 64 65 81 74
1406000 64 65 81 74
1407000 64.32 65.79 81 74
1408000 65 66 81 74
1409000 65 66 81 74
1410000 65 66 81 74
1411000 65 66.68 81 74
1412000 65 68 81 75.79
1413000 65 68 81 76
1414000 65 68 81 76.11
1415000 65 68 81.62 77
1416000 65 68 82 77
1417000 65 68 82.16 77
1418000 65 68 83 77
1419000 65 68 83 77.19
1420000 65 68 83.24 78.72
1421000 66.81 68 84 79
1422000 67 68 84 79
1423000 67.8 68 84 79
1424000 68 68 84 79
1425000 68.71 68 84 79
1426000 69 68 84.32 79.4
1427000 69 68 85 80
1428000 69.88 68 85 80
1429000 70 68.21 85.23 80
1430000 70 69 86 80
1431000 70 69 86 80
1432000 70 69 86 80.97
1433000 70 69 86 81
1434000 70.96 69 86 81
1435000 71 70.34 86 81
1436000 71.56 71.37 86 81
1437000 72 72 86 81
1438000 72 72 86 81
1439000 72 72 86.24 81
1440000 72 72 87 81.25
1441000 72.37 72.22 87 82
1442000 73 73 87.27 82.36
1443000 73 73 88 83.19
1444000 73 73 88 85.18
1445000 73.3 73 88 86
1446000 74 73 88.6 86
1447000 74 73 89.74 86.67
1448000 74 73 90 87
1449000 74 73 90 87.6
1450000 74.53 73 90 88
1451000 75 73 90 88
1452000 75 73 90 88
1453000 76.43 73.56 90 88
1454000 77 74 90 88
1455000 77 74 90 88
1456000 77.15 74 90 88
1457000 78 74 90 88.29
1458000 78.42 74 90 89
1459000 79.17 74.68 90 89.78
1460000 80 75 90 91
1461000 80.4 75.86 90 91
1462000 81 77 90 91
1463000 81 77 90.28 91
1464000 81 77 91 91
1465000 81 77 91 91
1466000 81 77 91 91
1467000 81 77 91 91
1468000 81 77 91 91.22
1469000 81 77 91 92
1470000 81 77 91 92
1471000 81 77 91 92
1472000 81 77 91 92
1473000 81 77 91 92
1474000 81 77 91.23 92
1475000 82 77 92 92
1476000 82 77 92 92
1477000 82 77 92 92
1478000 82 77 92 92.04
1479000 82 77 92 93
1480000 82 77 92 93
1481000 82.36 77 92 93
1482000 84 77 92 93
1483000 84 77 92 93.79
1484000 84 77 92 94.42
1485000 84.55 77 92 95
1486000 85 77 92.93 95
1487000 85 77 93 95
1488000 85 77 93 95
1489000 85 77 93 95.5
1490000 85 77 93 96
1491000 85 77 93 96
1492000 85 77 93 96
1493000 85 77 93 96
1494000 85 77.97 93 96
1495000 85 78 93 96
1496000 85.55 78.17 93 96.79
1497000 86 79 93 97
1498000 86 79 93 97
1499000 86 79 93 97
1500000 86 79 93 97
1501000 86 79 93 97
1502000 86 79 93 97.13
1503000 86 79 93 98
1504000 86 79 93 98
1505000 86.61 79.82 93 98
1506000 87.07 80 93 98
1507000 88 80 93 98
1508000 88.38 80 93.31 98
1509000 89 80 94 98
1510000 89 80 94 98
1511000 89.96 80 94 98
1512000 90 80 94 98
1513000 90 80 94 98
1514000 90 80.1 94 98
1515000 90 81 94 98
1516000 90 81 94.6 98
1517000 90 81 95 98
1518000 90 81 95 98
1519000 90.69 82.38 95 98
1520000 91 84 95 98
1521000 91 84 95.94 98
1522000 91 84 96 98
1523000 91 84 96 98
1524000 91 84.83 96 98
1525000 91 85 96 98.24
1526000 91 85 96.59 99
1527000 91 85.67 97 99
1528000 91 86 97 99
1529000 91 86 97 99
1530000 91 86 97 99
1531000 91 86 97 99
1532000 91.53 86 97.35 99
1533000 92 86 98 99
1534000 92.77 86 98 99
1535000 93 86 98 99
1536000 93 86 98 99
1537000 93 86 98 99
1538000 93 86 98 99
1539000 93.87 86 98.77 99
1540000 94 86 99 99
1541000 94 86 99 99
1542000 94.43 86 99 99.64
1543000 95 86 99 101
1544000 95 86 99 101.54
1545000 95.26 86 99.81 103.82
1546000 96 86 100.66 104
1547000 96 86 101 104
1548000 96 86 101 104
1549000 96 86.96 101 104.56
1550000 96 87 101.87 106
1551000 96 87 102 106
1552000 96 87 102.81 106
1553000 96.81 87 103 106
1554000 97.59 87 103 106
1555000 98.9 87.3 104.07 106
1556000 99 88 105 106
1557000 99 88 105 106
1558000 99 88 105 106
1559000 99 88 105 106
1560000 99 88 105 106
1561000 99 88 105 106
1562000 99 88 105 106
1563000 99 88 105.16 106
1564000 99 88 106.15 106
1565000 99 88 107 106
1566000 99 88 107 107.49
1567000 99.85 88 107 108
1568000 100 88 107 108
1569000 100 88 107 108
1570000 100 88.25 107 108
1571000 100 89 107 108
1572000 100 89 107 108
1573000 100 89 107 108.17
1574000 100 89 107 110.08
1575000 100 89 107 111.98
1576000 100.55 89 107 112
1577000 101 89 107 112
1578000 101 89 107.67 112
1579000 101.64 89 108 112
1580000 102 89 108 112.69
1581000 102 89.55 108.42 114
1582000 102 90 109 114
1583000 102 91.1 109 114
1584000 102.42 92 109 114
1585000 103 92 109 114
1586000 103 92 109 114.58
1587000 103 92 109 115
1588000 103 92.32 110.49 115.98
1589000 103 93 111 116
1590000 103 93 111 116
1591000 103 93 111.15 116
1592000 103 93 112.07 116.5
1593000 103 93 113 117.93
1594000 103 93 113 118
1595000 103 93.05 113 118.31
1596000 103 94 113 119
1597000 103 94 113 119
1598000 103 94 113 119
1599000 103 94 113 119
1600000 103.61 94 113 119
1601000 104 94 113 119
1602000 104 94 113 119
1603000 104.43 94 113 119.51
1604000 105 94 113 120
1605000 105 94 113 120
1606000 105 94 113 120
1607000 105 94 113 120
1608000 105 94 113.77 120
1609000 105 94 115 120
1610000 105 94 115.99 120
1611000 105 94.39 116 120
1612000 105 95 116 120
1613000 105 95 116 120
1614000 105 95 116 120
1615000 105 95 116 120
1616000 105 95 116 120.25
1617000 105 95 116 121
1618000 105 95 116.52 121.61
1619000 105 95 117 122
1620000 105 95 117 122.16
1621000 105 95 117 123.3
1622000 105 95 117 124
1623000 105 95 117 124
1624000 105 95 117.02 124
1625000 105 95.3 118 124
1626000 105 96 118.23 124
1627000 105.51 96 119 124.67
1628000 106 96 119.32 125.9
1629000 106 96 120 126
1630000 106 96 120 126
1631000 106 96 120 126.59
1632000 106 96 120 127.41
1633000 106 96 120 128
1634000 106 96 120 128
1635000 106 96 120 128.3
1636000 106 96 120 129
1637000 106 96 120 129.66
1638000 106 96 120 130
1639000 106 96 120 130
1640000 106 96 120.89 130
1641000 106 96 121 130.17
1642000 106 96 121 131
1643000 106 96 121 131
1644000 106 96 121.54 131
1645000 106 96 122 131
1646000 106 96 122 131
1647000 106.07 96 122 131.89
1648000 107 96.14 122 133
1649000 107.2 97 122 133
1650000 108 97 122 133.61
1651000 108 97 122 134
1652000 108 97 122 134
1653000 108 97 122 134.53
1654000 108 97.14 122 135
1655000 108 98 122 135
1656000 108 98 122 135
1657000 108 98 122 135
1658000 108 98 122 135
1659000 108 98 122 135.79
1660000 108.44 98 122 136
1661000 109 98 122 136
1662000 109 98 122 136
1663000 109 98 122 136.34
1664000 109 98 122 137
1665000 109 98.67 122 137
1666000 109 99 122 137
1667000 109 99 122 137
1668000 109 99 122.76 137
1669000 109.57 99 123 137
1670000 110 99 123 137
1671000 110 99 123 137
1672000 110 99 123 137
1673000 110 99 123 137
1674000 110 99 123 137
1675000 110.62 99 123 137
1676000 111 99 123 137
1677000 111 99.18 123 137
1678000 111 100 123 137
1679000 111 100 123 137
1680000 111 100 123 137
1681000 111.1 100 123 137
1682000 112 100 123.43 137
1683000 112 100 124 137
1684000 112 100.12 124 137
1685000 112 101 124 137
1686000 112 101 124 137
1687000 112 101 124 137
1688000 112 101 124 137
1689000 112 101 124 137.81
1690000 112 101.9 124 138
1691000 112 102 124 138
1692000 112.12 102 124.84 138
1693000 113 102 125 138
1694000 113 102 125.8 138
1695000 113 102 126 138
1696000 113 102 126 138
1697000 113 102 127 138
1698000 113 102 127 138
1699000 113 102 127 138
1700000 113 102 127 138
1701000 113 102 127 138.34
1702000 113 102 127 139
1703000 113 102 127 139.65
1704000 113 102 127 140
1705000 113 102.9 127 140
1706000 113 103 127 140.08
1707000 113 103 127 141
1708000 113 103 127 141
1709000 113 103 127 141
1710000 113 103.29 127 141
1711000 113 104 127 141
1712000 113 104 127 141
1713000 113 104 127 141
1714000 113 104 127 141
1715000 113 104 127.09 141.75
1716000 113 104.49 128 142
1717000 113 105 128 142
1718000 113 105 128 142
1719000 113 105 128 142
1720000 113 105 128.72 142.14
1721000 113.75 105.52 129 143
1722000 114 106 129 143.68
1723000 114 106.49 129 144
1724000 114 107 129 144
1725000 114 107 129 144
1726000 114 107 129 144
1727000 114 107 129 144
1728000 114 107 129.06 144
1729000 114 107.32 130 144.38
1730000 114 108 130 145
1731000 114 108 130 145.15
1732000 114 108 130 146
1733000 114 108.38 130 146.25
1734000 114 110 130.4 147
1735000 114 110 131 147
1736000 114 110 131 147
1737000 114 110 131 147
1738000 114 110 131 147.67
1739000 114 110 131 148
1740000 114 110 131 148
1741000 114 110 131 148
1742000 114.16 110 131 148
1743000 115 110 131.73 148
1744000 115 110 132 148
1745000 115.54 110 132 148
1746000 116 110 132 148
1747000 116 110 132 148.2
1748000 116 110 132 149
1749000 116 110 132 149
1750000 116 110 132 149.06
1751000 116 110 132 150
1752000 116 110 132 150
1753000 116 110 132 150.78
1754000 116 110 132 151
1755000 116 110 132 151
1756000 116 110 132 151
1757000 116 110 132 151.04
1758000 116.26 110 132 152
1759000 117 110 132 152
1760000 117 110 132.06 152
1761000 117 110 133 152
1762000 117 110 134.54 152
1763000 117 110 135 152
1764000 117 110 135 152
1765000 117 110 135 152
1766000 117 110 135 152.4
1767000 117 110 135 153
1768000 117 110 135.83 153
1769000 117 110 136 153
1770000 117 110 136 153.46
1771000 117 110 136 154
1772000 117 110 136 154.08
1773000 117 110 136 155
1774000 117 110 136 155
1775000 117.47 110 136 155.49
1776000 118 110.33 136 156
1777000 118 111 136 156
1778000 118 111 136.92 156
1779000 118 111 137 156
1780000 118 111 137 156
1781000 118 111 137 156
1782000 118 111 137.97 156
1783000 118 111 138 156
1784000 118 111 138 156
1785000 118 111.79 138.35 156
1786000 118 112 140 156
1787000 118.72 112.09 140.35 156
1788000 119 113 141 156
1789000 119 113 141 156
1790000 119 113 141 156.19
1791000 119 113 141.76 157
1792000 119 113 142 157
1793000 119 113 142 157
1794000 119.87 113 142 157
1795000 120 113 142 157
1796000 120 113 142 157
1797000 120 113 142 157.43
1798000 120 113 142 158
1799000 120 113 142 158
1800000 120 113 142 158
1801000 120.45 113 142 158.92
1802000 121 113 142 159
1803000 121 113 142 159
1804000 121 113 142 159
1805000 121 113 142 159
1806000 121 113.46 142 159
1807000 121 114 142 159
1808000 121 114 142 159
1809000 121 114 142 159
1810000 121 114 142 159
1811000 121 114 142 159
1812000 121 114.16 142.35 159
1813000 121 115 144 159
1814000 121 115.84 144 159
1815000 121 116 144 159
1816000 121 116 144 159
1817000 121 116 144.46 159
1818000 121 116 145 159
1819000 121 116 145 159
1820000 121 116 145 159.83
1821000 121 116 145 160
1822000 121 116 145 160
1823000 121 116 145 160.47
1824000 121 116 145 161.87
1825000 121 116 145 162
1826000 121 116 145 162
1827000 121 116 145 162.24
1828000 121 116 145 163
1829000 121.27 116 145 163
1830000 122 116 145 163
1831000 122 116 145.99 163
1832000 122 116 146 163
1833000 122 116 146 163.95
1834000 122 116 146 164
1835000 122 116 146 164
1836000 122 116 146 164
1837000 122 116 146 164
1838000 122 116 146 164
1839000 122 116 146 164
1840000 122 116 146 164
1841000 122 116 146.03 164
1842000 122 116 147.39 164
1843000 122 116 149 164
1844000 122 116 149.86 164
1845000 122 116 150 164
1846000 122 116 150.6 164.19
1847000 122 116 151 165
1848000 122 116 151 165
1849000 122.8 116 151 165
1850000 123 116 151 165
1851000 123 116 151 165
1852000 123.06 116 151 165
1853000 124 116 151 165
1854000 124 116 151 165
1855000 124 116 151 165
1856000 124 116 151 165.5
1857000 124 116 151 166.2
1858000 124 116 151 167.65
1859000 124 116 151 168
1860000 124 116 151 168
1861000 124 116 151 168
1862000 124 116 151.61 168
1863000 124 116 152 168.33
1864000 124 116 152 169
1865000 124 116 152 169.64
1866000 124 116 152 170
1867000 124 116.94 152 170
1868000 124 117 152 170.69
1869000 124.29 117 152 171
1870000 125 117 152 171
1871000 125 117 152 171
1872000 125 117 152 171
1873000 125 117 152 171
1874000 125 117 152 171
1875000 125 117 152 171
1876000 125 117 152 171
1877000 125.04 117 152 171
1878000 126 117 152 171
1879000 126 117 152 171
1880000 126 117 152 171
1881000 126 117 152 171.92
1882000 126 117 152 173
1883000 126 117 152 173
1884000 126.85 117 152 173.26
1885000 127 117 152 174
1886000 127 117 152 174
1887000 127 117 152 174
1888000 127 117 152 174
1889000 127 117 152 174.34
1890000 127.45 117 152 175
1891000 128.57 117 152 175.22
1892000 129 117.25 152 176.29
1893000 129 118 152 177
1894000 129 118 152 177
1895000 129 118 152 177.91
1896000 129 118 152 178
1897000 129 118 152 178
1898000 129 118 152 178
1899000 129 118 152 178
1900000 129 118.67 152.32 178
1901000 129 119 153 178
1902000 129.15 119 153 178
1903000 130 119 153 178.82
1904000 130 119 153 179
1905000 130 119 153 179
1906000 130 119 153 179
1907000 130 119 153 179
1908000 130 119 153 179
1909000 130 119 153 179
1910000 130 119 153 179
1911000 130.81 120 153 179
1912000 131 120 153 179
1913000 131 120 153 179
1914000 131.5 120 153 179
1915000 132 120 153 179
1916000 132 120 153 179.83
1917000 132 120 153 180.07
1918000 132 120 153 181
1919000 132 120 153 181
1920000 132 120 153 181
1921000 132 120 153 181
1922000 132 121.61 153 181
1923000 132 122 153 181
1924000 132 122 153.65 181
1925000 132 122 154 181
1926000 132 122 154 181
1927000 132 122 154 181
1928000 132 122 154 181
1929000 132 122 154 181
1930000 132 122 154 181
1931000 132 122 154 181
1932000 132 122 154 181.67
1933000 132 122 154.37 182
1934000 132 122 155 182
1935000 132 122 155 182
1936000 132 122 155 182.74
1937000 132 122 155 183
1938000 132 122 155 183
1939000 132 122 155 183
1940000 132 122 155 183
1941000 132.7 122 155 183
1942000 133.42 122 155 183
1943000 134 122 155 183
1944000 134 122 155.85 183
1945000 134 122 156 183
1946000 134 122 156 183
1947000 134 122 156.52 183
1948000 134 122.16 157 183
1949000 134 123 157 183
1950000 134 123 157.99 183
1951000 134 123 159 183.36
1952000 134 123 159 184.59
1953000 134 124.19 159 185
1954000 134 125 159 185
1955000 134.03 125 159 185
1956000 135 125 159 185
1957000 135 125 159.66 185
1958000 135 125 160.04 185
1959000 135.16 125 161 185
1960000 136 125 161 185
1961000 136 125 161 185
1962000 136 125 161 185
1963000 136 125 161 185
1964000 136 125 161 185.3
1965000 136 125 161 186
1966000 136 125.47 161 186
1967000 136 126 161 186
1968000 136 126 161 186
1969000 136 126 161 186
1970000 136 126 161 186
1971000 136 126 161 186
1972000 136 126 161 186
1973000 136 126 161.77 187.61
1974000 136 126 162 188.14
1975000 136 126 162 190
1976000 136 126 162 190
1977000 136 126 162 190
1978000 136 126 162 190
1979000 136 126 162 190
1980000 136 126 162 190
1981000 136 126 162 190
1982000 136 126 162 190.76
1983000 136 126 162 191
1984000 136.28 126 162 191
1985000 137.49 126 162 191
1986000 138 126 162 191
1987000 138 126 162 191
1988000 138 126 162 191
1989000 138 126 162 191
1990000 138 126 162.25 191
1991000 138 126 163 191
1992000 138 126 163 191
1993000 138 126 163 191
1994000 138 126 163 191
1995000 138 126 163 191.34
1996000 138.08 126 163 192
1997000 139 126 163 192.69
1998000 139 126.82 163 193
1999000 139 127 163 193
2000000 139 127 163 193.79
2001000 139 127 163 194
2002000 139 127 163 194
2003000 139.03 127 163 194
2004000 140 127 163 194
2005000 140 127 163 194
2006000 140 127 163 194
2007000 140 127 163 194
2008000 140 127 163 194
2009000 140 127 163.68 194.73
2010000 140 127 164 195
2011000 140 127 164 195
2012000 140 127 164 195
2013000 140 127 164 195
2014000 140 127 164 195
2015000 140 127 164 195
2016000 140 127 164 195
2017000 140 127 164 195
2018000 140 127 164 195
2019000 140 127 164 195
2020000 140 127 164 195
2021000 140 127 164 195
2022000 140 127 164 195
2023000 140 127 164 195
2024000 140 127 164 195
2025000 140 127 164 195
2026000 140 127.14 164 195.14
2027000 140 128 164 196
2028000 140 128 164 196
2029000 140 128 164 196
2030000 140 128 164 196
2031000 140 128 164 196
2032000 140 128 164 196
2033000 140 128 164 196
2034000 140 128 164 196
2035000 140 128 164 196
2036000 140 128 164 196
2037000 140 128 164 196
2038000 140 128 164 196
2039000 140 128 164 196
2040000 140 128 164 196.43
2041000 140 128 164 197
2042000 140 128 164 197
2043000 140 128 164 197
2044000 140 128 164 197
2045000 140 128 164 197.43
2046000 140 128 164 198.23
2047000 140 128 164 199
2048000 140 128 164 199
2049000 140 128 164 199
2050000 140 128 164 199
2051000 140 128 164 199
2052000 140 128 164 199
2053000 140 128 164 199
2054000 140 128 164 199
2055000 140 128.66 164.87 199
2056000 140 129 165 199
2057000 140 129 165 199
2058000 140 129 165 199
2059000 140 129 165 199
2060000 140 129 165 199
2061000 140.63 129 165 199
2062000 141 129 165 199
2063000 141 129.06 165 199
2064000 141 130 165 199.48
2065000 141 130 165 200
2066000 141.81 130 165 200
2067000 142 130 165 200
2068000 142 130 165 200
2069000 142 130 165 200
2070000 142.08 130 165 200
2071000 143 130 165 200
2072000 143 130 165 200
2073000 143.55 130 165 200.27
2074000 144 130 165 201
2075000 144 130 165 201
2076000 144 130 165 201
2077000 144 130 165 201
2078000 144 130 165 201
2079000 144 130 165 201
2080000 144 130 165 201
2081000 144 130 165 201
2082000 144 130 165 201.25
2083000 144 130 165 202
2084000 144 130 165 202
2085000 144 130 165 202
2086000 144 130 165 202
2087000 144 130 165 202
2088000 144 130 165 202
2089000 144 130 165 202
2090000 144 130 165 202
2091000 144 130 165.54 202
2092000 144 130 166 202
2093000 144 130 166 202
2094000 144 130 166 202
2095000 144 130 166 202
2096000 144 130 166 202
2097000 144 130 166 202
2098000 144 130 166 202
2099000 144 130 166 202
2100000 144 130 166 202
2101000 144 130 166 202
2102000 144 130 166 202
2103000 144 130 166.95 202
2104000 144 130 167 202
2105000 144 130 167 202
2106000 144 130 167 202
2107000 144 130.64 167 202.32
2108000 144 131 167.48 203
2109000 144 131.91 168.74 203
2110000 144 132 169 203
2111000 144.56 132 169 203
2112000 145.14 132 169 203
2113000 146 132 169 203
2114000 146 132 169 203
2115000 146 132 169 203
2116000 146 132 169 203
2117000 146 132 169 203
2118000 146 132 169 203
2119000 146 132 169 203
2120000 146 132 169 203.78
2121000 146 132 169 204
2122000 146 132 169 204
2123000 146 132 169 204
2124000 146 132 169 204
2125000 146 132 169 204.77
2126000 146 132 169.75 205
2127000 146 132 170 205
2128000 146 132 170 205
2129000 146 132 170 205
2130000 146 132 170 205
2131000 146 132 170 205
2132000 146 132 170 205.09
2133000 146 132 170 206
2134000 146 132 170 206
2135000 146 132 170 206
2136000 146 132 170 206
2137000 146 132 170 206
2138000 146 132.57 170 206
2139000 146 133 170 206.74
2140000 146 133 170 207
2141000 146 133 170 207
2142000 146 133 170 207
2143000 146 133 170 207.99
2144000 146 133 170 208
2145000 146.07 133 170 208
2146000 147 133 170 208
2147000 147 133 170 208
2148000 147 133 170 208
2149000 147 133 170 208
2150000 147 133 170 208
2151000 147 133 170 208
2152000 147 133 170 208
2153000 147 133 170.98 208
2154000 147 133 171 208
2155000 147 133 171 208.49
2156000 147 133 171.65 209
2157000 147 133 173 209
2158000 147 133 173 210
2159000 147 133 173 210
2160000 147 133 173 210
2161000 147 133 173 210
2162000 147 133 173.92 210
2163000 147 133 174 210
2164000 147 133 174 210
2165000 147 133 174 210
2166000 147 133 174 210
2167000 147 133 174 210
2168000 147 133 174 210
2169000 147 133 174 210
2170000 147 133 174 210
2171000 147.35 133 174 210
2172000 148 133 174 210
2173000 148 133 174 210
2174000 148 133 174 210
2175000 148 133 174 210
2176000 148 133 174 210
2177000 148 133 174 210
2178000 148 133 174 210.42
2179000 148 133 174 211
2180000 148 133 174 211
2181000 148 133 174 211
2182000 148 133 174 211
2183000 148 133 174 211
2184000 148 133 174 211
2185000 148 133 174 211
2186000 148 133 174 211
2187000 148 133 174 211
2188000 148 133 174 211
2189000 148 133 174 211
2190000 148 133 174 211
2191000 148 133 174 211
2192000 148 133 174 211
2193000 148 133 174 211
2194000 148 133 174 211
2195000 148 133 174 211.62
2196000 148 133 174.65 212
2197000 148 133 175 212
2198000 148 133 175 212
2199000 148 133 175 212
2200000 148 133 175 212
2201000 148 133 175 212
2202000 148.52 133 175 212
2203000 149 133 175 212
2204000 149 133 175 212
2205000 149.48 133 175 212
2206000 150 133 175 212
2207000 150 133 175 212.04
2208000 150 133 175 213
2209000 150 133 175 213.04
2210000 150 133.19 175 214
2211000 150 134 175 214
2212000 150 134 175 214.29
2213000 150 134 175 215
2214000 150 134 175 215
2215000 150 134 175 215
2216000 150 134 175 215
2217000 150 134 175 215
2218000 150 134 175 215
2219000 150 134 175 215
2220000 150 134 175 215
2221000 150 134 175 215
2222000 150.6 134 175 215
2223000 151 134 175 215.22
2224000 151 134 175 216
2225000 151 134 175 216
2226000 151 134 175 216
2227000 151.41 134 175 216
2228000 152 134 175 216.2
2229000 152 134 175 217
2230000 152 134 175 217
2231000 152 134 175 217
2232000 152 134 175 217
2233000 152 134 175 217
2234000 152 134 176 217
2235000 152 134 176 217
2236000 152 134 176 217
2237000 152 134 176 217
2238000 152 134 176 217
2239000 152 134 176 217
2240000 152 134 176.64 217
2241000 152 134 177 217.94
2242000 152 134 177 218
2243000 152 134 177 218
2244000 152 134 177 218
2245000 152 134 177 218
2246000 152 134 177 218.79
2247000 152 134 177 219
2248000 152 134 177 219
2249000 152 134 177 219
2250000 152 134 177 219
2251000 152 134 177 219
2252000 152 134 177 219
2253000 152 134 177 219
2254000 152 134 177 219
2255000 152 134 177 219
2256000 152 134 177 219
2257000 152 134 177 219
2258000 152.68 134 177 219
2259000 153 134 177 219
2260000 153 134 177 219
2261000 153 134 177 219
2262000 153.89 134 177 219
2263000 154 134 177 219
2264000 154 134 177 219
2265000 154 134 177 219
2266000 154 134 177 219
2267000 154 134 177 219
2268000 154 134 177 219
2269000 154 134 177 219
2270000 154 134 177 219
2271000 154 134 177 219
2272000 154 134 177 219
2273000 154 134 177 219
2274000 154 134 177 219
2275000 154 134 177 219
2276000 154 134 177 219
2277000 154 134.19 177 219
2278000 154 135.77 177 219
2279000 154 136 177 219
2280000 154.32 136 177 219
2281000 155 136 177 219
2282000 155 136 177 219.28
2283000 155 136 177 220.74
2284000 155 136 177 221
2285000 155 136 177 221
2286000 155 136 177 221.42
2287000 155 136 177 222
2288000 155 136 177 222
2289000 155 136 177 222.76
2290000 155 136 177 223
2291000 155 136 177 223
2292000 155 136 177 223.92
2293000 155 136 177 224
2294000 155 136 177 224
2295000 155.46 136 177 224
2296000 156 136 177 224
2297000 156 136 177 224
2298000 156 136 177 224
2299000 156 136 177 224
2300000 156 136 177 224
2301000 156 136 177 224
2302000 156 136 177 224
2303000 156 136 177 224
2304000 156 136 177.2 224.83
2305000 156 136 178 225
2306000 156 136 178 225
2307000 156 136 178 225
2308000 156 136 178 225
2309000 156.74 136 178 225
2310000 157 136 178 225
2311000 157 136 178 225
2312000 157 136 178 225
2313000 157 136 178 225
2314000 157 136 178 225
2315000 157 136 178 225
2316000 157 136 178 225
2317000 157 136 178 225
2318000 157.17 136 178 225
2319000 158 136 178 225.4
2320000 158.5 136 178 226
2321000 159 136 178 226
2322000 159 136 178.86 226
2323000 159 136 179 226
2324000 159 136 179 226
2325000 159 136 179 226
2326000 159 136 179 226
2327000 159 136 179 226
2328000 159 136 179 226
2329000 159 136 179 226
2330000 159 136 179 226
2331000 159 136 179 226
2332000 159 136 179 226
2333000 159 136 179 226
2334000 159 136 179 226
2335000 159 136 179 226
2336000 159 136 179 226
2337000 159 136.7 179.85 226
2338000 159 137 180 226
2339000 159 137 180 226
2340000 159 137 180.98 226
2341000 159 137 181 226
2342000 159 137 181 226.76
2343000 159 137 181 227
2344000 159.35 137 181 227
2345000 160.05 137 181 227
2346000 161 137 181 227
2347000 161 137 181 227
2348000 161 137 181 227
2349000 161 137 181 227
2350000 161 137 181 227
2351000 161 137 181 227
2352000 161 137 181 227
2353000 161 137 181 227
2354000 161 137 181 227
2355000 161 137 181 227.77
2356000 161 137 181 228
2357000 161.45 137.42 181 228.82
2358000 162 138 181 229
2359000 162 138 181 229
2360000 162 138 181 229
2361000 162 138 181 229
2362000 162 138 181 229
2363000 162 138 181 229
2364000 162 138 181 229
2365000 162 138 181 229
2366000 162 138 181 229
2367000 162 138 181 229
2368000 162 138 181 229
2369000 162 138 181 229
2370000 162 138 181 229
2371000 162 138 181 229
2372000 162 138 181 229
2373000 162 138 181 229
2374000 162 138 181 229
2375000 162 138 181 229
2376000 162 138 181 229
2377000 162 138 181 229.44
2378000 162 138 181 230
2379000 162 138 181 230.57
2380000 162 138 181.59 231
2381000 162 138 182 231
2382000 162 138 182 231
2383000 162 138 182 231
2384000 162 138 182 231
2385000 162 138 182 231
2386000 162 138 182 231
2387000 162 138 182 231
2388000 162 138 182 231
2389000 162 138 182 231
2390000 162 138 182 231
2391000 162 138 182 232.57
2392000 162 138 182 233
2393000 162 138.09 182 233
2394000 162 139 182 233
2395000 162 139 182 233
2396000 162 139 182 233
2397000 162 139 182 233
2398000 162 139 182 233
2399000 162 139 182 233
2400000 162 139 182 233.1
2401000 162 139 182 234
2402000 162 139 182 234
2403000 162.53 139 182 234
2404000 163 139 182 234
2405000 163 139 182 234
2406000 163 139 182 234
2407000 163 139.29 182 234
2408000 163 140 182 234
2409000 163 140 182 234
2410000 163 140 182 234
2411000 163 140 182 234
2412000 163 140 182 234
2413000 163 140 182 234
2414000 163 140 182 234
2415000 163 140 182 234
2416000 163 140 182 234
2417000 163 140 182 234
2418000 163 140 182 234
2419000 163 140 182 234
2420000 163 140 182 234
2421000 163 140 182 234
2422000 163 140 182 234
2423000 163 140 182 234
2424000 163 140 182 234
2425000 163 140 182 234
2426000 163 140 182 234
2427000 163.35 140 182 234
2428000 164 140 182 234
2429000 164 140 182 234
2430000 164 140 182 234
2431000 164 140 182 234
2432000 164 140 182 234.02
2433000 164 140 182 235
2434000 164.34 140 182 235.74
2435000 165 140 182 236
2436000 165 140 182 236
2437000 165 140 182 236
2438000 165 140 182 236
2439000 165 140 182 236.96
2440000 165 140 182 237
2441000 165.76 140 182 237
2442000 166 140 182 237
2443000 166 140 182 237
2444000 166 140 182 237
2445000 166 140 182 237
2446000 166 140 182 237
2447000 166 140.28 182 237
2448000 166 141 182 237
2449000 166 141 182 237
2450000 166 141 182 237
2451000 166 141 182 237
2452000 166 141 182 237
2453000 166 141 182 237
2454000 166 141 182 237
2455000 166 141.13 182 237
2456000 166 142 182 237
2457000 166 142 182 237
2458000 166 142 182 237
2459000 166 142 182 237.97
2460000 166 142 182 238
2461000 166 142 182 238
2462000 166 142 182.96 238
2463000 166 142 183 238
2464000 166 142 183 238
2465000 166 142 183 238
2466000 166 142 183 238.81
2467000 166.92 142 183 239
2468000 167 142 183 239
2469000 167 142 183 239
2470000 167 142 183 239
2471000 167 142 183 239
2472000 167 142 183 239
2473000 167 142 183 239
2474000 167 142 183 239
2475000 167 142 183 239
2476000 167 142 183 239
2477000 167 142 183 239
2478000 167 142 183 239
2479000 167 142 183 239
2480000 167 142 183 239
2481000 167 142 183 239
2482000 167 142 183 239
2483000 167 142 183 239
2484000 167.43 142 183 239
2485000 168 142 183 239
2486000 168 142 183.29 239.02
2487000 168 142 184 240
2488000 168 142 184 240
2489000 168 142 184 240
2490000 168 142 184 240
2491000 168 142 184 240
2492000 168 142 184 240
2493000 168 142 184 240
2494000 168 142 184 240
2495000 168 142 184 240
2496000 168 142 184 240
2497000 168 142 184 240
2498000 168.2 142 184 240
2499000 169 142 184 240
2500000 169 142 184 240
2501000 169 142 184 240
2502000 169 142 184 240
2503000 169 142 184 240
2504000 169 142 184 240.08
2505000 169.12 142 184 241
2506000 170 142 184.9 241
2507000 170 142 185 241
2508000 170 142 185 241.56
2509000 170 142 185 242
2510000 170 142 185 242
2511000 170 142 185.64 242
2512000 170 142 186 242.56
2513000 170 142 186 243
2514000 170 142 186 243
2515000 170 142 186 243
2516000 170 142 186 243
2517000 170 142 186 243
2518000 170 142 186 243.06
2519000 170 142 186 244
2520000 170 142 186 244
2521000 170 142.94 186 244
2522000 170 143 186 244
2523000 170 143 186 244
2524000 170 143 186 244
2525000 170 143.98 186 244
2526000 170 144 186 244
2527000 170 144 186 244
2528000 170 144 186 244
2529000 170 144 186 244
2530000 170 144 186 244
2531000 170 144 186 244
2532000 170 144 186 244
2533000 170 144 186 244
2534000 170 144 186.98 244.61
2535000 170 144 187 245
2536000 170 144 187 245
2537000 170 144 187 245
2538000 170 144 187 245
2539000 170 144 187 245
2540000 170 144 187 245.91
2541000 170 144 187 246
2542000 170 144 187 246
2543000 170 144 187 246
2544000 170 144 187 246
2545000 170 144 187.29 246
2546000 170 144 188 246
2547000 170 144 188 246
2548000 170 144 188 246
2549000 170 144 188 246
2550000 170 144 188 246
2551000 170 144 188 246
2552000 170 144 188 246
2553000 170 144 188 246
2554000 170 144 188 246
2555000 170 144 188 246
2556000 170 144 188 246
2557000 170 144 188 246
2558000 170 144 188 246
2559000 170 144 188 246
2560000 170 144 188 246
2561000 170 144 188 246
2562000 170 144 188 246
2563000 170 144 188 246
2564000 170.79 144 188 246
2565000 171 144 188 246
2566000 171 144 188 246
2567000 171 144 188 246
2568000 171 144 188 246
2569000 171 144 188 246
2570000 171 144 188 246
2571000 171 144 188 246
2572000 171 144 188 246
2573000 171 144 188 246
2574000 171 144 188 246
2575000 171 144 188 246
2576000 171 144 188 246
2577000 171 144 188 246
2578000 171 144 188 246
2579000 171 144 188 246
2580000 171 144 188 246
2581000 171 144 188 246
2582000 171 144 188 246.51
2583000 171 144 188 247
2584000 171 144 188 247
2585000 171 144 188 247
2586000 171 144 188.61 247
2587000 171 144 189 247
2588000 171.95 144 189 247
2589000 172 144 189 247
2590000 172 144 189 247
2591000 172 144 189 247
2592000 172 144 189 247
2593000 172 144 189 247
2594000 172 144 189 247
2595000 172 144 189 247
2596000 172 144 189 247
2597000 172 144 189 247
2598000 172 144 189 247
2599000 172 144 189 247
2600000 172 144 189 247
2601000 172 144 189 247
2602000 172 144 189 247
2603000 172 144 189 247
2604000 172 144 189 247
2605000 172 144 189 247
2606000 172 144 189 247
2607000 172 144 189 247
2608000 172 144 189.65 247
2609000 172 144 190 247
2610000 172 144 190 247
2611000 172 144 190 247
2612000 172 144 190 247
2613000 172 144 190 247
2614000 172 144 190 247
2615000 172 144 190 247
2616000 172 144 190 247
2617000 172 144 190 247
2618000 172 144 190 247
2619000 172 144 190 247
2620000 172 144 190 247
2621000 172 144 190 247
2622000 172 144 190 247
2623000 172 144 190 247
2624000 172 144 190 247
2625000 172 144 190 247
2626000 172 144 190 247
2627000 172 144 190 247
2628000 172 144 190 247
2629000 172 144 190 247
2630000 172 144 190 247
2631000 172 144 190 247
2632000 172 144 190 247
2633000 172 144 190 247
2634000 172 144 190 247
2635000 172 144 190 247
2636000 172 144.37 190 247
2637000 172 145 190 247
2638000 172 145.48 190 247.44
2639000 172 146 190 248
2640000 172 146 190 248
2641000 172 146 190 248
2642000 172 146 190 248
2643000 172 146 190 248
2644000 172 146 190 248
2645000 172 146 190 248
2646000 172 146 190 248
2647000 172 146 190 248
2648000 172 146 190 248
2649000 172 146 190 248.84
2650000 172 146 190 249
2651000 172 146 190 249
2652000 172 146 190 249
2653000 172 146 190 249
2654000 172 146 190 249
2655000 172 146 190 249
2656000 172 146 190.3 249
2657000 172 146 191 250
2658000 172 146 191 250
2659000 172.38 146 191 250
2660000 173 146 191 250
2661000 173 146 191 250
2662000 173 146 191 250
2663000 173 146 191 250
2664000 173 146 191 250
2665000 173 146 191 250
2666000 173 146 191 250
2667000 173 146 191 250
2668000 173 146 191 250
2669000 173 146 191 250
2670000 173 146 191 250
2671000 173 146 191 250
2672000 173 146 191 250
2673000 173 146 191 250
2674000 173 146 191 250
2675000 173 146 191 250
2676000 173 146 191 250
2677000 173 146 191 250
2678000 173 146 191 250
2679000 173 146 191 250
2680000 173 146 191 250
2681000 173 146 191 250
2682000 173 146 191 250
2683000 173 146 191 250
2684000 173 146 191 250
2685000 173 146 191 250
2686000 173 146 191 250
2687000 173 146 191 250
2688000 173 146 191 250
2689000 173 146.33 191 250
2690000 173 147 191 250
2691000 173 147 191 250
2692000 173 147 191 250
2693000 173 147 191 250
2694000 173.72 147 191 250
2695000 174 147 191 250
2696000 174 147 191 250
2697000 174 147 191 250
2698000 174 147 191 250
2699000 174 147 191 250
2700000 174 147 191 250
2701000 174 147 191 250
2702000 174 147 191 250
2703000 174 147 191 250
2704000 174 147 191 250
2705000 174 147 191 250
2706000 174 147 191 250
2707000 174 147 191 250
2708000 174.06 147 191 250
2709000 175 147 191 250
2710000 175 147 191 250
2711000 175 147 191 250.69
2712000 175 147 191 251
2713000 175 147 191 251
2714000 175 147 191 251
2715000 175 147 191 251
2716000 175 147 191 251
2717000 175 147 191 251
2718000 175 147 191 251
2719000 175 147 191 251
2720000 175 147 191 251
2721000 175 147 191 251
2722000 175 147 191 251
2723000 175 147 191 251
2724000 175 147 191 251.8
2725000 175 147.71 191 252.88
2726000 175 148 191 253
2727000 175 148 191 253
2728000 175 148 191 253
2729000 175 148 191 253
2730000 175 148 191 253
2731000 175 148.86 191.01 253
2732000 175 149 192 253
2733000 175 149 192 253
2734000 175 149 192 253
2735000 175 149 192 253
2736000 175 149 192 253
2737000 175 149 192 253
2738000 175 149 192 253
2739000 175 149 192 253
2740000 175 149 192 253
2741000 175 149 192 253
2742000 175 149 192.93 253
2743000 175 149 193 253
2744000 175 149 193 253
2745000 175 149 193 253
2746000 175 149 193 253
2747000 175 149 193 253
2748000 175 149 193 253
2749000 175 149 193 253
2750000 175.41 149 193 253
2751000 176 149 193 253
2752000 176 149 193.22 253
2753000 176 149 194 253
2754000 176 149 194 253
2755000 176 149 194 253
2756000 176 149 194 253
2757000 176 149 194 253
2758000 176 149 194 253
2759000 176 149 194 253
2760000 176 149 194 253
2761000 176 149 194 253
2762000 176 149 194 253
2763000 176 149 194 253
2764000 176 149 194 253
2765000 176 149 194 253
2766000 176 149 194 253
2767000 176 149 194 253
2768000 176 149 194 253
2769000 176 149 194 253
2770000 176 149 194 253
2771000 176 149 194 253
2772000 176 149 194 253
2773000 176 149 194 253
2774000 176 149 194 253
2775000 176 149 194 253
2776000 176 149 194 253
2777000 176 149 194 253
2778000 176 149 194.67 253
2779000 176 149 195 253
2780000 176 149 195 253
2781000 176 149 195 253
2782000 176 149 195 253
2783000 176 149 195.43 253
2784000 176 149 196 253
2785000 176 149 196 253
2786000 176 149 196 253
2787000 176 149 196 253
2788000 176 149 196 253
2789000 176 149 196 253
2790000 176 149 196 253
2791000 176 149 196 253
2792000 176 149 196 253
2793000 176 149 196 253
2794000 176 149 196 253
2795000 176 149.61 196 253
2796000 176 150 196 253
2797000 176 150 196 253
2798000 176 150 196 253
2799000 176 150.35 196 253
2800000 176.41 151 196 253
2801000 177 151 196 253
2802000 177 151 196 253
2803000 177 151 196 253
2804000 177 151 196 253
2805000 177 151 196 253
2806000 177 151.13 196 253
2807000 177 152 196 253
2808000 177 152 196 253
2809000 177 152 196 253
2810000 177 152 196 253
2811000 177 152 196 253
2812000 177 152 196.16 253
2813000 177 152 197 253
2814000 177 152 197 253
2815000 177 152 197 253
2816000 177 152 197 253
2817000 177.95 152 197 253.96
2818000 178 152 197 254.54
2819000 178 152 197 255
2820000 178 152 197 255
2821000 178 152 197 255
2822000 178 152 197 255
2823000 178 152 197 255
2824000 178 152 197 255
2825000 178 152 197 255
2826000 178 152 197 255
2827000 178 152 197 255
2828000 178.09 152 197 255
2829000 179 152 197 255
2830000 179 152 197 255
2831000 179 152 197 255
2832000 179 152 197 255
2833000 179 152 197 255
2834000 179 152 197 255
2835000 179 152 197 255
2836000 179 152 197 255
2837000 179 152 197 255
2838000 179 152 197 255
2839000 179 152 197 255
2840000 179 152 197 255
2841000 179 152.35 197 255
2842000 179 153 197 255
2843000 179 153 197 255
2844000 179 153 197 255
2845000 179 153 197 255
2846000 179 153 197 255
2847000 179 153 197 255
2848000 179 153 197 255
2849000 179 153 197 255
2850000 179 153 197.56 255
2851000 179 153 198 255
2852000 179 153 198 255
2853000 179 153 198 255
2854000 179 153 198 255
2855000 179 153 198 255
2856000 179 153 198 255
2857000 179 153 198 255
2858000 179 153 198 255
2859000 179 153.6 198 255
2860000 179 154 198 255
2861000 179 154 198 255
2862000 179 154 198 255
2863000 179 154 198 255
2864000 179 154 198 255
2865000 179 154 198 255
2866000 179 154 198.02 255
2867000 179 154 199 255
2868000 179 154 199 255
2869000 179 154 199 255
2870000 179 154 199 255
2871000 179 154 199.36 255
2872000 179 154 200 255
2873000 179 154 200 255
2874000 179 154 200 255
2875000 179 154 200 255
2876000 179 154 200 255
2877000 179 154 200 255
2878000 179 154 200 255
2879000 179 154 200 255
2880000 179 154 200 255
2881000 179 154 200 255
2882000 179.43 154 200 255
2883000 180 154 200 255
2884000 180 154 200 255
2885000 180 154 200 255
2886000 180 154 200 255
2887000 180 154 200 255
2888000 180 154 200 255
2889000 180 154 200 255
2890000 180 154 200 255
2891000 180 154 200 255
2892000 180.67 154 200 255.18
2893000 181 154 200 256
2894000 181 154 200 256
2895000 181 154 200 256
2896000 181 154 200 256
2897000 181 154 200 256
2898000 181 154 200 256.28
2899000 181.89 154 200 257
2900000 182 154 200 257
2901000 182 154 200 257
2902000 182 154 200 257
2903000 182 154 200 257
2904000 182 154 200 257
2905000 182 154.15 200 257
2906000 182 155 200 257
2907000 182 155 200 257
2908000 182 155 200 257
2909000 182 155.14 200 257
2910000 182 156 200 257
2911000 182 156 200 257
2912000 182 156 200 257
2913000 182 156 200 257
2914000 182 156 200 257
2915000 182.07 156 200 257
2916000 183 156 200 257
2917000 183 156 200 257
2918000 183 156 200 257
2919000 183 156 200 257
2920000 183 156 200 257
2921000 183 156 200 257
2922000 183 156 200 257
2923000 183 156 200 257
2924000 183 156 200 257
2925000 183 156 200 257
2926000 183 156 200 257
2927000 183 156 200 257
2928000 183 156 200 257
2929000 183 156 200 257
2930000 183 156 200 257
2931000 183 156.68 200 257
2932000 183 157 200.37 257
2933000 183 157 201 257.23
2934000 183 157 201 258
2935000 183 157 201 258
2936000 183 157 201 258
2937000 183 157 201 258
2938000 183 157 201 258
2939000 183 157 201 258
2940000 183 157 201 258
2941000 183 157 201 258
2942000 183 157 201 258
2943000 183 157 201 258
2944000 183 157 201.71 258
2945000 183 157 202 258
2946000 183 157 202 258
2947000 183 157 202 258
2948000 183 157.57 202 258
2949000 183 158 202.52 258
2950000 183 158 203 258
2951000 183 158 203 258
2952000 183 158 203 258
2953000 183.88 158 203 258
2954000 184 158 203 258
2955000 184 158 203.61 258
2956000 184 158 204 258
2957000 184 158 204 258
2958000 184 158 204 258
2959000 184 158 204 258
2960000 184 158 204 258
2961000 184 158 204 258
2962000 184 158 204 258
2963000 184 158 204 258
2964000 184 158 204 258
2965000 184 158 204 258
2966000 184 158 204 258
2967000 184 158 204 258
2968000 184 158 204 258.6
2969000 184 158 204 259
2970000 184 158 204 259
2971000 184 158 204 259
2972000 184 158 204 259
2973000 184 158 204 259
2974000 184 158 204 259
2975000 184 158 204 259
2976000 184 158 204 259
2977000 184 158 204 259
2978000 184 158 204 259
2979000 184 158 204 259
2980000 184 158 204 259
2981000 184 158 204 259
2982000 184 158 204.49 259
2983000 184 158 205 259.13
2984000 184 158 205 260
2985000 184 158 205 260
2986000 184 158 205 260
2987000 184 158 205 260
2988000 184 158 205 260
2989000 184 158 205 260
2990000 184 158 205 260
2991000 184 158 205 260
2992000 184 158 205 260
2993000 184 158 205 260
2994000 184 158 205 260
2995000 184 158 205 260
2996000 184 158 205 260
2997000 184 158 205 260
2998000 184 158 205 260
2999000 184 158 205 260
3000000 184 158 205 260
3001000 184 158 205 260.66
3002000 184 158 205 261
3003000 184 158 205.75 261
3004000 184 158 206 261
3005000 184 158 206 261.58
3006000 184 158 206 262
3007000 184 158 206 262
3008000 184 158 206.32 262
3009000 184 158 207 262
3010000 184 158 207 262
3011000 184 158 207 262.79
3012000 184 158 207 263
3013000 184 158 207 263.73
3014000 184 158 207 264
3015000 184 158 207 264
3016000 184 158 207 264
3017000 184 158 207 264
3018000 184 158 207 264
3019000 184 158 207 264
3020000 184 158 207 264.51
3021000 184 158 207 265
3022000 184 158 207 265
3023000 184 158 207 265
3024000 184 158 207 265
3025000 184 158 207 265
3026000 184 158 207 265
3027000 184 158 207 265
3028000 184 158 207 265
3029000 184 158 207 265
3030000 184 158 207 265.53
3031000 184 158 207 266.96
3032000 184 158 207 268
3033000 184 158 207 268.86
3034000 184 158 207 269.31
3035000 184 158 207 270
3036000 184 158 207 270
3037000 184 158 207 270
3038000 184 158 207 270
3039000 184 158 207 270
3040000 184 158 207 270
3041000 184 158 207 270
3042000 184 158 207 270
3043000 184 158 207 270
3044000 184 158 207 270
3045000 184 158 207 270
3046000 184 158 207 270.34
3047000 184 158 207 271
3048000 184 158 207 271
3049000 184 158 207 271
3050000 184 158 207 271
3051000 184 158 207 271
3052000 184 158 207 271
3053000 184 158 207 271
3054000 184 158 207 271
3055000 184 158 207 271.88
3056000 184 158 207 272
3057000 184 158 207 272
3058000 184 158 207 272
3059000 184 158 207 272
3060000 184 158 207 272
3061000 184 158 207 272.12
3062000 184 158 207 273.52
3063000 184 158 207 274
3064000 184 158 207 274.68
3065000 184 158 207 275
3066000 184 158 207 275
3067000 184 158 207 275.99
3068000 184 158 207 276.77
3069000 184 158 207 277
3070000 184 158 207 277
3071000 184 158 207 277.01
3072000 184 158 207 278
3073000 184 158 207 278
3074000 184 158 207 278
3075000 184 158 207 278.09
3076000 184 158 207 280.32
3077000 184 158 207 281
3078000 184 158 207 281.52
3079000 184 158 207 282
3080000 184 158 207 282.71
3081000 184 158 207 283
3082000 184 158 207 283
3083000 184 158 207 283
3084000 184 158 207 283
3085000 184 158 207 283.91
3086000 184 158 207 284
3087000 184 158 207 284
3088000 184 158 207 284.32
3089000 184 158 207 286
3090000 184 158 207 286
3091000 184 158 207 286
3092000 184 158 207 286
3093000 184 158 207 286.92
3094000 184 158 207 287
3095000 184 158 207 287
3096000 184 158 207 287
3097000 184 158 207 287
3098000 184 158 207 287.9
3099000 184 158 207 288
3100000 184 158 207 288
3101000 184 158 207 288
3102000 184 158 207 288
3103000 184 158 207 289.22
3104000 184 158 207 290
3105000 184 158 207 290
3106000 184 158 207 290
3107000 184 158 207 290
3108000 184 158 207 290
3109000 184 158 207 290.6
3110000 184 158 207 292
3111000 184 158 207 292.41
3112000 184 158 207 293
3113000 184 158 207 293
3114000 184 158 207 293
3115000 184 158 207 293
3116000 184 158 207 293.57
3117000 184 158 207 294.67
3118000 184 158 207 295
3119000 184 158 207 295
3120000 184 158 207 295
3121000 184 158 207 295
3122000 184 158 207 295.99
3123000 184 158 207 296
3124000 184 158 207 296
3125000 184 158 207 296
3126000 184 158 207 296
3127000 184 158 207 296
3128000 184 158 207 296
3129000 184 158 207 296
3130000 184 158 207 296
3131000 184 158 207 296
3132000 184 158 207 296
3133000 184 158 207 296
3134000 184 158 207 296
3135000 184 158 207 296.85
3136000 184 158 207 298
3137000 184 158 207 298
3138000 184 158 207 298
3139000 184 158 207 298
3140000 184 158 207 298
3141000 184 158 207 298
3142000 184 158 207 298
3143000 184 158 207 298
3144000 184 158 207 298
3145000 184 158 207 298
3146000 184 158 207 298
3147000 184 158 207 298
3148000 184 158 207 298.7
3149000 184 158 207 299
3150000 184 158 207 299
3151000 184 158 207 299
3152000 184 158 207 299
3153000 184 158 207 300.39
3154000 184 158 207 301
3155000 184 158 207 301
3156000 184 158 207 301
3157000 184 158 207 301
3158000 184 158 207 301
3159000 184 158 207 301
3160000 184 158 207 301
3161000 184 158 207 301.96
3162000 184 158 207 302
3163000 184 158 207 302
3164000 184 158 207 302
3165000 184 158 207 302
3166000 184 158 207 302.95
3167000 184 158 207 303
3168000 184 158 207 303
3169000 184 158 207 303
3170000 184 158 207 303
3171000 184 158 207 303
3172000 184 158 207 303
3173000 184 158 207 303
3174000 184 158 207 304.21
3175000 184 158 207 305
3176000 184 158 207 305
3177000 184 158 207 305
3178000 184 158 207 305
3179000 184 158 207 305
3180000 184 158 207 305
3181000 184 158 207 305
3182000 184 158 207 305.99
3183000 184 158 207 306
3184000 184 158 207 306
3185000 184 158 207 306
3186000 184 158 207 306
3187000 184 158 207 306
3188000 184 158 207 306
3189000 184 158 207 306
3190000 184 158 207 306
3191000 184 158 207 306
3192000 184 158 207 306.67
3193000 184 158 207 307
3194000 184 158 207 307
3195000 184 158 207 307
3196000 184 158 207 307.78
3197000 184 158 207 308
3198000 184 158 207 308.72
3199000 184 158 207 309
3200000 184 158 207 309.31
3201000 184 158 207 310
3202000 184 158 207 311.28
3203000 184 158 207 312.94
3204000 184 158 207 313
3205000 184 158 207 313
3206000 184 158 207 313
3207000 184 158 207 313
3208000 184 158 207 313
3209000 184 158 207 313
3210000 184 158 207 313
3211000 184 158 207 313
3212000 184 158 207 313
3213000 184 158 207 313
3214000 184 158 207 313
3215000 184 158 207 313
3216000 184 158 207 313
3217000 184 158 207 313
3218000 184 158 207 313
3219000 184 158 207 313
3220000 184 158 207 313
3221000 184 158 207 313
3222000 184 158 207 313.41
3223000 184 158 207 314
3224000 184 158 207 314.25
3225000 184 158 207 316
3226000 184 158 207 316
3227000 184 158 207 316
3228000 184 158 207 316
3229000 184 158 207 316.33
3230000 184 158 207 317
3231000 184 158 207 317
3232000 184 158 207 317
3233000 184 158 207 317
3234000 184 158 207 317
3235000 184 158 207 317
3236000 184 158 207 317
3237000 184 158 207 317.02
3238000 184 158 207 318
3239000 184 158 207 318
3240000 184 158 207 318
3241000 184 158 207 318
3242000 184 158 207 318
3243000 184 158 207 318
3244000 184 158 207 318
3245000 184 158 207 318
3246000 184 158 207 318
3247000 184 158 207 318
3248000 184 158 207 318
3249000 184 158 207 318
3250000 184 158 207 318
3251000 184 158 207 318.91
3252000 184 158 207 319
3253000 184 158 207 319
3254000 184 158 207 319
3255000 184 158 207 319
3256000 184 158 207 319
3257000 184 158 207 319
3258000 184 158 207 319
3259000 184 158 207 319
3260000 184 158 207 319
3261000 184 158 207 319
3262000 184 158 207 319
3263000 184 158 207 319
3264000 184 158 207 319
3265000 184 158 207 319
3266000 184 158 207 319
3267000 184 158 207 319
3268000 184 158 207 319
3269000 184 158 207 319
3270000 184 158 207 319
3271000 184 158 207 319
3272000 184 158 207 319
3273000 184 158 207 319
3274000 184 158 207 319
3275000 184 158 207 319
3276000 184 158 207 319.96
3277000 184 158 207 320
3278000 184 158 207 320
3279000 184 158 207 320
3280000 184 158 207 320
3281000 184 158 207 320.12
3282000 184 158 207 321
3283000 184 158 207 321
3284000 184 158 207 321
3285000 184 158 207 321
3286000 184 158 207 321
3287000 184 158 207 321
3288000 184 158 207 321
3289000 184 158 207 321
3290000 184 158 207 321
3291000 184 158 207 321
3292000 184 158 207 321
3293000 184 158 207 321
3294000 184 158 207 321
3295000 184 158 207 321
3296000 184 158 207 321
3297000 184 158 207 321
3298000 184 158 207 321
3299000 184 158 207 321
3300000 184 158 207 321
3301000 184 158 207 321
3302000 184 158 207 321.33
3303000 184 158 207 322
3304000 184 158 207 322
3305000 184 158 207 322
3306000 184 158 207 322
3307000 184 158 207 322
3308000 184 158 207 322
3309000 184 158 207 322
3310000 184 158 207 322
3311000 184 158 207 322
3312000 184 158 207 322
3313000 184 158 207 322
3314000 184 158 207 322
3315000 184 158 207 322
3316000 184 158 207 322.76
3317000 184 158 207 323
3318000 184 158 207 323
3319000 184 158 207 323.47
3320000 184 158 207 324
3321000 184 158 207 324
3322000 184 158 207 324
3323000 184 158 207 324
3324000 184 158 207 324
3325000 184 158 207 324
3326000 184 158 207 324
3327000 184 158 207 324
3328000 184 158 207 324
3329000 184 158 207 324
3330000 184 158 207 324
3331000 184 158 207 324
3332000 184 158 207 324
3333000 184 158 207 324.33
3334000 184 158 207 325
3335000 184 158 207 325
3336000 184 158 207 325
3337000 184 158 207 325
3338000 184 158 207 325
3339000 184 158 207 325.35
3340000 184 158 207 326
3341000 184 158 207 326.32
3342000 184 158 207 327
3343000 184 158 207 327
3344000 184 158 207 327.46
3345000 184 158 207 328
3346000 184 158 207 328
3347000 184 158 207 328
3348000 184 158 207 328
3349000 184 158 207 328
3350000 184 158 207 328
3351000 184 158 207 328
3352000 184 158 207 328.63
3353000 184 158 207 329
3354000 184 158 207 329
3355000 184 158 207 329
3356000 184 158 207 329
3357000 184 158 207 329
3358000 184 158 207 329
3359000 184 158 207 329
3360000 184 158 207 329
3361000 184 158 207 329
3362000 184 158 207 329
3363000 184 158 207 329
3364000 184 158 207 329
3365000 184 158 207 329
3366000 184 158 207 329
3367000 184 158 207 329
3368000 184 158 207 329
3369000 184 158 207 329
3370000 184 158 207 329
3371000 184 158 207 329
3372000 184 158 207 329
3373000 184 158 207 329
3374000 184 158 207 329
3375000 184 158 207 329
3376000 184 158 207 329
3377000 184 158 207 329
3378000 184 158 207 329
3379000 184 158 207 329
3380000 184 158 207 329
3381000 184 158 207 329
3382000 184 158 207 329
3383000 184 158 207 329
3384000 184 158 207 329
3385000 184 158 207 329
3386000 184 158 207 329
3387000 184 158 207 329
3388000 184 158 207 329
3389000 184 158 207 329
3390000 184 158 207 329
3391000 184 158 207 329
3392000 184 158 207 329
3393000 184 158 207 329
3394000 184 158 207 329
3395000 184 158 207 329
3396000 184 158 207 329
3397000 184 158 207 329
3398000 184 158 207 329
3399000 184 158 207 329
3400000 184 158 207 329
3401000 184 158 207 329
3402000 184 158 207 329
3403000 184 158 207 329
3404000 184 158 207 329
3405000 184 158 207 329
3406000 184 158 207 329
3407000 184 158 207 329
3408000 184 158 207 329
3409000 184 158 207 329
3410000 184 158 207 329
3411000 184 158 207 329
3412000 184 158 207 329
3413000 184 158 207 329
3414000 184 158 207 329
3415000 184 158 207 329
3416000 184 158 207 329
3417000 184 158 207 329
3418000 184 158 207 329
3419000 184 158 207 329
3420000 184 158 207 329.32
3421000 184 158 207 330
3422000 184 158 207 330
3423000 184 158 207 330
3424000 184 158 207 330
3425000 184 158 207 330
3426000 184 158 207 330
3427000 184 158 207 330
3428000 184 158 207 330
3429000 184 158 207 330
3430000 184 158 207 330
3431000 184 158 207 330
3432000 184 158 207 330
3433000 184 158 207 330
3434000 184 158 207 330
3435000 184 158 207 330
3436000 184 158 207 330
3437000 184 158 207 330
3438000 184 158 207 330
3439000 184 158 207 330
3440000 184 158 207 330
3441000 184 158 207 330
3442000 184 158 207 330
3443000 184 158 207 330
3444000 184 158 207 330
3445000 184 158 207 330
3446000 184 158 207 330
3447000 184 158 207 330
3448000 184 158 207 330
3449000 184 158 207 330
3450000 184 158 207 330
3451000 184 158 207 330
3452000 184 158 207 330
3453000 184 158 207 330
3454000 184 158 207 330
3455000 184 158 207 330
3456000 184 158 207 330
3457000 184 158 207 330
3458000 184 158 207 330
3459000 184 158 207 330
3460000 184 158 207 330
3461000 184 158 207 330
3462000 184 158 207 330
3463000 184 158 207 330
3464000 184 158 207 330
3465000 184 158 207 330
3466000 184 158 207 330
3467000 184 158 207 330
3468000 184 158 207 330
3469000 184 158 207 330
3470000 184 158 207 330
3471000 184 158 207 330
3472000 184 158 207 330
3473000 184 158 207 330
3474000 184 158 207 330
3475000 184 158 207 330
3476000 184 158 207 330
3477000 184 158 207 330
3478000 184 158 207 330.13
3479000 184 158 207 331
3480000 184 158 207 331
3481000 184 158 207 331
3482000 184 158 207 331
3483000 184 158 207 331
3484000 184 158 207 331
3485000 184 158 207 331
3486000 184 158 207 331
3487000 184 158 207 331
3488000 184 158 207 331
3489000 184 158 207 331
3490000 184 158 207 331
3491000 184 158 207 331
3492000 184 158 207 331
3493000 184 158 207 331
3494000 184 158 207 331
3495000 184 158 207 331
3496000 184 158 207 331
3497000 184 158 207 331
3498000 184 158 207 331
3499000 184 158 207 331
3500000 184 158 207 331
3501000 184 158 207 331.62
3502000 184 158 207 332
3503000 184 158 207 332
3504000 184 158 207 332
3505000 184 158 207 332
3506000 184 158 207 332.08
3507000 184 158 207 333
3508000 184 158 207 333
3509000 184 158 207 333
3510000 184 158 207 333
3511000 184 158 207 333
3512000 184 158 207 333
3513000 184 158 207 333
3514000 184 158 207 333
3515000 184 158 207 333
3516000 184 158 207 333
3517000 184 158 207 333
3518000 184 158 207 333
3519000 184 158 207 333
3520000 184 158 207 333
3521000 184 158 207 333
3522000 184 158 207 333
3523000 184 158 207 333
3524000 184 158 207 333
3525000 184 158 207 333
3526000 184 158 207 333
3527000 184 158 207 333
3528000 184 158 207 333
3529000 184 158 207 333
3530000 184 158 207 333
3531000 184 158 207 333
3532000 184 158 207 333
3533000 184 158 207 333
3534000 184 158 207 333
3535000 184 158 207 333
3536000 184 158 207 333
3537000 184 158 207 333
3538000 184 158 207 333
3539000 184 158 207 333
3540000 184 158 207 333
3541000 184 158 207 333
3542000 184 158 207 333
3543000 184 158 207 333
3544000 184 158 207 333
3545000 184 158 207 333
3546000 184 158 207 333
3547000 184 158 207 333
3548000 184 158 207 333
3549000 184 158 207 333
3550000 184 158 207 333
3551000 184 158 207 333
3552000 184 158 207 333
3553000 184 158 207 333
3554000 184 158 207 333
3555000 184 158 207 333
3556000 184 158 207 333
3557000 184 158 207 333
3558000 184 158 207 333
3559000 184 158 207 333
3560000 184 158 207 333
3561000 184 158 207 333
3562000 184 158 207 333
3563000 184 158 207 333
3564000 184 158 207 333
3565000 184 158 207 333
3566000 184 158 207 333
3567000 184 158 207 333
3568000 184 158 207 333
3569000 184 158 207 333
3570000 184 158 207 333
3571000 184 158 207 333
3572000 184 158 207 333
3573000 184 158 207 333
3574000 184 158 207 333
3575000 184 158 207 333
3576000 184 158 207 333
3577000 184 158 207 333
3578000 184 158 207 333
3579000 184 158 207 333
3580000 184 158 207 333
3581000 184 158 207 333
3582000 184 158 207 333
3583000 184 158 207 333
3584000 184 158 207 333
3585000 184 158 207 333
3586000 184 158 207 333
3587000 184 158 207 333
3588000 184 158 207 333
3589000 184 158 207 333
3590000 184 158 207 333
3591000 184 158 207 333
3592000 184 158 207 333
3593000 184 158 207 333
3594000 184 158 207 333
3595000 184 158 207 333
3596000 184 158 207 333
3597000 184 158 207 333
3598000 184 158 207 333
3599000 184 158 207 333
3600000 184 158 207 333
3601000 184 158 207 333
3602000 184 158 207 333
3603000 184 158 207 333
3604000 184 158 207 333
3605000 184 158 207 333
3606000 184 158 207 333
3607000 184 158 207 333
3608000 184 158 207 333
3609000 184 158 207 333
3610000 184 158 207 333
3611000 184 158 207 333
3612000 184 158 207 333
3613000 184 158 207 333
3614000 184 158 207 333
3615000 184 158 207 333
3616000 184 158 207 333.67
3617000 184 158 207 334
3618000 184 158 207 334
3619000 184 158 207 334
3620000 184 158 207 334
3621000 184 158 207 334
3622000 184 158 207 334
3623000 184 158 207 334
3624000 184 158 207 334
3625000 184 158 207 334
3626000 184 158 207 334
3627000 184 158 207 334
3628000 184 158 207 334
3629000 184 158 207 334
3630000 184 158 207 334
3631000 184 158 207 334
3632000 184 158 207 334
3633000 184 158 207 334
3634000 184 158 207 334
3635000 184 158 207 334
3636000 184 158 207 334
3637000 184 158 207 334
3638000 184 158 207 334
3639000 184 158 207 334
3640000 184 158 207 334
3641000 184 158 207 334
3642000 184 158 207 334
3643000 184 158 207 334
3644000 184 158 207 334
3645000 184 158 207 334
3646000 184 158 207 334
3647000 184 158 207 334
3648000 184 158 207 334
3649000 184 158 207 334
3650000 184 158 207 334
3651000 184 158 207 334
3652000 184 158 207 334
3653000 184 158 207 334
3654000 184 158 207 334
3655000 184 158 207 334
3656000 184 158 207 334
3657000 184 158 207 334
3658000 184 158 207 334
3659000 184 158 207 334
3660000 184 158 207 334
3661000 184 158 207 334
3662000 184 158 207 334
3663000 184 158 207 334
3664000 184 158 207 334
3665000 184 158 207 334
3666000 184 158 207 334
3667000 184 158 207 334
3668000 184 158 207 334
