# Time-averaged data for fix myfixpe
# TimeStep c_pe[0]
1011000 96.6931
1012000 97.486
1013000 97.5411
1014000 101.461
1015000 101.614
1016000 101.741
1017000 105.309
1018000 102.908
1019000 102.097
1020000 104.685
1021000 108.709
1022000 113.368
1023000 112.059
1024000 111.918
1025000 106.652
1026000 97.6198
1027000 102.974
1028000 97.8354
1029000 98.7539
1030000 99.8701
1031000 99.1958
1032000 105.602
1033000 101.264
1034000 101.389
1035000 100.068
1036000 101.565
1037000 97.257
1038000 100.884
1039000 103.739
1040000 99.6879
1041000 101.716
1042000 97.9204
1043000 103.26
1044000 101.57
1045000 98.9816
1046000 101.413
1047000 104.065
1048000 100.583
1049000 96.8587
1050000 99.1274
1051000 99.3834
1052000 96.1579
1053000 93.8349
1054000 93.157
1055000 97.2317
1056000 99.7457
1057000 92.7556
1058000 95.0076
1059000 97.658
1060000 99.5974
1061000 91.921
1062000 91.7555
1063000 87.0062
1064000 89.6881
1065000 92.8603
1066000 93.6729
1067000 92.7285
1068000 90.2805
1069000 89.0344
1070000 95.5273
1071000 90.5768
1072000 92.3281
1073000 96.2855
1074000 93.1712
1075000 95.5357
1076000 103.084
1077000 96.2675
1078000 100.41
1079000 101.21
1080000 99.788
1081000 100.166
1082000 103.058
1083000 95.0423
1084000 95.6319
1085000 92.5409
1086000 91.2723
1087000 94.0806
1088000 92.7039
1089000 89.3716
1090000 95.4442
1091000 92.0766
1092000 93.6872
1093000 94.6597
1094000 95.8591
1095000 86.4952
1096000 90.2416
1097000 89.5036
1098000 93.9254
1099000 104.915
1100000 104.381
1101000 101.463
1102000 95.6647
1103000 89.1252
1104000 90.4053
1105000 98.3063
1106000 93.2
1107000 99.0029
1108000 96.9872
1109000 97.5132
1110000 99.2016
1111000 94.9285
1112000 100.068
1113000 106.83
1114000 105.483
1115000 96.8381
1116000 91.92
1117000 88.3744
1118000 94.569
1119000 100.173
1120000 92.9561
1121000 95.329
1122000 102.088
1123000 97.9833
1124000 96.2714
1125000 94.3799
1126000 93.424
1127000 88.46
1128000 91.6137
1129000 90.6614
1130000 91.8374
1131000 88.426
1132000 87.2831
1133000 92.7955
1134000 93.4785
1135000 98.7407
1136000 95.0945
1137000 91.7077
1138000 89.9533
1139000 84.7886
1140000 77.9715
1141000 79.7921
1142000 83.8105
1143000 89.8756
1144000 82.4363
1145000 89.1763
1146000 90.5576
1147000 90.1195
1148000 90.9204
1149000 93.8964
1150000 95.1508
1151000 99.7185
1152000 97.5598
1153000 100.759
1154000 99.2306
1155000 101.442
1156000 104.468
1157000 102.92
1158000 98.8568
1159000 101.634
1160000 108.824
1161000 109.058
1162000 103.112
1163000 102.707
1164000 98.9409
1165000 97.5997
1166000 95.1813
1167000 96.253
1168000 103.038
1169000 101.376
1170000 101.282
1171000 106.271
1172000 105.045
1173000 106.768
1174000 104.462
1175000 107.702
1176000 98.8502
1177000 96.304
1178000 98.0653
1179000 97.3202
1180000 95.5384
1181000 96.7643
1182000 88.1394
1183000 85.5553
1184000 89.1415
1185000 89.9238
1186000 92.5348
1187000 89.2317
1188000 94.1258
1189000 95.3939
1190000 91.5393
1191000 97.0773
1192000 103.933
1193000 100.674
1194000 105.934
1195000 99.2856
1196000 98.3967
1197000 100.56
1198000 89.8828
1199000 92.598
1200000 92.2291
1201000 108.206
1202000 105.311
1203000 110.008
1204000 110.388
1205000 108.541
1206000 113.508
1207000 108.773
1208000 104.087
1209000 99.9295
1210000 99.303
1211000 102.734
1212000 95.0912
1213000 98.9612
1214000 100.07
1215000 97.2974
1216000 95.2426
1217000 95.954
1218000 93.6957
1219000 96.7001
1220000 89.5988
1221000 100.756
1222000 103.327
1223000 105.475
1224000 97.9916
1225000 90.3077
1226000 100.964
1227000 97.6841
1228000 100.966
1229000 93.2257
1230000 92.1899
1231000 98.2584
1232000 101.424
1233000 96.0039
1234000 92.8165
1235000 100.733
1236000 96.3393
1237000 96.11
1238000 82.3048
1239000 80.4618
1240000 82.7842
1241000 89.5339
1242000 89.99
1243000 93.2878
1244000 95.1884
1245000 103.729
1246000 100.935
1247000 100.239
1248000 101.306
1249000 111.176
1250000 106.333
1251000 102.348
1252000 107.07
1253000 120.353
1254000 110.148
1255000 108.46
1256000 107.805
1257000 105.256
1258000 100.35
1259000 103.116
1260000 101.403
1261000 98.51
1262000 96.3515
1263000 105.366
1264000 96.1094
1265000 101.736
1266000 105.814
1267000 108.177
1268000 110.017
1269000 107.792
1270000 99.3368
1271000 98.3395
1272000 101.685
1273000 98.7084
1274000 102.629
1275000 102.038
1276000 108.403
1277000 107.889
1278000 104.731
1279000 110.792
1280000 101.717
1281000 101.802
1282000 101.211
1283000 104.413
1284000 105.113
1285000 102.28
1286000 97.4719
1287000 97.9938
1288000 103.185
1289000 97.6609
1290000 98.4715
1291000 101.268
1292000 102.616
1293000 96.1109
1294000 92.7853
1295000 97.8623
1296000 103.588
1297000 99.7903
1298000 89.3849
1299000 87.0852
1300000 94.8368
1301000 88.8484
1302000 100.116
1303000 92.6096
1304000 94.3916
1305000 98.4712
1306000 86.2206
1307000 88.1562
1308000 87.2006
1309000 86.7839
1310000 85.284
1311000 84.3048
1312000 83.1325
1313000 71.6475
1314000 71.2667
1315000 68.656
1316000 74.165
1317000 80.7377
1318000 76.2602
1319000 67.5735
1320000 71.4748
1321000 78.6033
1322000 84.447
1323000 83.2346
1324000 87.9349
1325000 84.3716
1326000 82.6539
1327000 83.4513
1328000 75.9244
1329000 75.1404
1330000 77.1737
1331000 81.5125
1332000 79.4281
1333000 83.6561
1334000 85.3369
1335000 84.2062
1336000 87.546
1337000 90.9937
1338000 94.2322
1339000 93.8496
1340000 106.505
1341000 101.789
1342000 107.472
1343000 103.83
1344000 97.8273
1345000 107.136
1346000 106.755
1347000 110.915
1348000 114.039
1349000 110.569
1350000 111.923
1351000 110.016
1352000 106.716
1353000 99.8558
1354000 102.69
1355000 102.411
1356000 102.957
1357000 105.671
1358000 103.913
1359000 111.55
1360000 100.003
1361000 105.033
1362000 99.342
1363000 103.633
1364000 90.8673
1365000 90.4753
1366000 101.05
1367000 102.143
1368000 90.7434
1369000 94.8489
1370000 95.8859
1371000 98.3213
1372000 97.7284
1373000 103.075
1374000 103.149
1375000 99.0442
1376000 99.5987
1377000 104.088
1378000 98.7774
1379000 105.032
1380000 102.497
1381000 103.279
1382000 107.569
1383000 99.4353
1384000 103.082
1385000 101.597
1386000 100.558
1387000 99.9433
1388000 88.5963
1389000 97.2009
1390000 92.1286
1391000 88.631
1392000 87.8692
1393000 86.4551
1394000 79.58
1395000 78.1524
1396000 85.3183
1397000 81.0636
1398000 84.0907
1399000 83.5424
1400000 88.2081
1401000 87.5198
1402000 91.3122
1403000 87.2215
1404000 88.4921
1405000 92.5839
1406000 87.972
1407000 85.5959
1408000 75.1683
1409000 81.1946
1410000 79.5697
1411000 79.5833
1412000 78.9577
1413000 82.2522
1414000 71.8416
1415000 79.6517
1416000 75.4655
1417000 75.4645
1418000 85.4291
1419000 81.6832
1420000 83.3542
1421000 87.1066
1422000 87.6834
1423000 86.5974
1424000 85.5652
1425000 84.8397
1426000 82.1296
1427000 82.4934
1428000 88.2381
1429000 86.206
1430000 89.3855
1431000 90.4294
1432000 86.227
1433000 95.578
1434000 96.7804
1435000 97.6636
1436000 98.15
1437000 93.2382
1438000 89.7079
1439000 96.5061
1440000 91.1772
1441000 99.0873
1442000 95.8771
1443000 98.4007
1444000 108.174
1445000 102.55
1446000 108.103
1447000 103.804
1448000 98.5401
1449000 99.5295
1450000 97.9949
1451000 105.579
1452000 108.101
1453000 107.133
1454000 112.045
1455000 108.916
1456000 107.929
1457000 105.468
1458000 104.461
1459000 103.24
1460000 107.784
1461000 104.962
1462000 105.287
1463000 107.692
1464000 109.305
1465000 110.698
1466000 102.149
1467000 105.687
1468000 108.263
1469000 111.414
1470000 111.139
1471000 112.804
1472000 103.536
1473000 113.41
1474000 106.683
1475000 110.776
1476000 112.083
1477000 108.204
1478000 110.252
1479000 104.267
1480000 101.966
1481000 104.103
1482000 110.03
1483000 108.482
1484000 111.39
1485000 114.604
1486000 113.583
1487000 109.819
1488000 101.6
1489000 111.005
1490000 108.305
1491000 112.971
1492000 116.078
1493000 114.904
1494000 117.733
1495000 118.774
1496000 106.105
1497000 110.113
1498000 112.14
1499000 113.016
1500000 105.288
1501000 107.687
1502000 104.145
1503000 100.43
1504000 89.906
1505000 94.8708
1506000 108.271
1507000 104.629
1508000 103.026
1509000 96.8781
1510000 98.2133
1511000 104.301
1512000 107.764
1513000 109.786
1514000 107.953
1515000 106.278
1516000 105.324
1517000 98.1471
1518000 100.455
1519000 109.679
1520000 104.295
1521000 106.216
1522000 108.956
1523000 105.947
1524000 110.706
1525000 105.495
1526000 108.086
1527000 105.008
1528000 113.445
1529000 108.495
1530000 112.284
1531000 97.1158
1532000 99.8293
1533000 101.169
1534000 106.929
1535000 112.773
1536000 104.1
1537000 100.917
1538000 100.6
1539000 96.6293
1540000 95.3455
1541000 101.225
1542000 99.3827
1543000 98.7155
1544000 96.741
1545000 94.5652
1546000 96.693
1547000 102.997
1548000 100.639
1549000 94.7462
1550000 95.9748
1551000 94.7105
1552000 97.5177
1553000 100.386
1554000 95.2107
1555000 93.4357
1556000 100.661
1557000 104.171
1558000 105.824
1559000 105.972
1560000 108.41
1561000 100.783
1562000 97.8438
1563000 95.5713
1564000 96.429
1565000 99.0783
1566000 103.201
1567000 99.8491
1568000 108.68
1569000 103.231
1570000 103.189
1571000 103.532
1572000 109.547
1573000 105.513
1574000 109.175
1575000 102.943
1576000 96.5902
1577000 91.139
1578000 92.2772
1579000 95.6699
1580000 103.896
1581000 98.9341
1582000 106.456
1583000 105.458
1584000 102.734
1585000 97.1295
1586000 96.7338
1587000 100.519
1588000 99.1024
1589000 93.7972
1590000 98.0712
1591000 88.716
1592000 91.7043
1593000 87.7455
1594000 87.6484
1595000 78.5623
1596000 87.0742
1597000 81.8017
1598000 75.5243
1599000 62.6558
1600000 66.0812
1601000 64.2927
1602000 66.6534
1603000 64.6047
1604000 66.8704
1605000 71.5384
1606000 72.1949
1607000 76.5204
1608000 73.1936
1609000 77.2184
1610000 79.0824
1611000 76.9882
1612000 92.2289
1613000 97.2972
1614000 92.2844
1615000 89.8825
1616000 87.6395
1617000 84.2228
1618000 77.412
1619000 73.7649
1620000 74.4351
1621000 77.9295
1622000 81.0882
1623000 70.9061
1624000 65.2422
1625000 52.3925
1626000 60.4599
1627000 64.2579
1628000 63.4542
1629000 65.4855
1630000 75.6907
1631000 84.7225
1632000 80.8494
1633000 82.8879
1634000 93.8766
1635000 91.2218
1636000 90.8198
1637000 98.3601
1638000 107.494
1639000 107.231
1640000 97.9935
1641000 88.1251
1642000 81.5845
1643000 74.8021
1644000 80.7135
1645000 67.614
1646000 72.9442
1647000 61.9034
1648000 62.812
1649000 67.5398
1650000 79.0669
1651000 67.4309
1652000 79.7007
1653000 87.4678
1654000 89.5283
1655000 90.7541
1656000 74.2992
1657000 68.2942
1658000 72.3068
1659000 63.7918
1660000 66.1197
1661000 65.0029
1662000 62.7046
1663000 73.3374
1664000 69.6262
1665000 61.8434
1666000 65.2587
1667000 49.3084
1668000 48.1796
1669000 42.6739
1670000 45.7447
1671000 53.7968
1672000 62.0627
1673000 42.5759
1674000 37.1243
1675000 28.6292
1676000 26.6393
1677000 15.4071
1678000 34.7485
1679000 44.069
1680000 47.678
1681000 49.4883
1682000 54.4504
1683000 58.8523
1684000 64.2395
1685000 63.6757
1686000 54.3514
1687000 68.4528
1688000 64.0343
1689000 51.1053
1690000 23.3579
1691000 38.5905
1692000 41.8764
1693000 41.1975
1694000 54.1508
1695000 55.8027
1696000 65.3888
1697000 58.5186
1698000 39.9349
1699000 42.3868
1700000 42.1071
1701000 57.2702
1702000 60.9166
1703000 47.1967
1704000 50.954
1705000 50.5949
1706000 55.8647
1707000 57.1232
1708000 61.5005
1709000 79.7679
1710000 84.3116
1711000 82.4007
1712000 86.3841
1713000 82.7963
1714000 84.0727
1715000 92.6753
1716000 89.8621
1717000 92.4563
1718000 108.521
1719000 120.468
1720000 139.195
1721000 178.463
1722000 224.619
1723000 259.444
1724000 258.722
1725000 273.786
1726000 294.331
1727000 295.089
1728000 307.911
1729000 295.854
1730000 284.763
1731000 308.504
1732000 295.103
1733000 281.571
1734000 296.981
1735000 317.797
1736000 308.451
1737000 310.181
1738000 302.747
1739000 302.055
1740000 307.419
1741000 317.451
1742000 319.486
1743000 324.765
1744000 311.788
1745000 312.906
1746000 328.433
1747000 304.221
1748000 306.077
1749000 306.074
1750000 311.412
1751000 313.426
1752000 325.613
1753000 312.209
1754000 306.815
1755000 305.523
1756000 293.167
1757000 306.9
1758000 307.237
1759000 316.935
1760000 318.627
1761000 304.306
1762000 321.199
1763000 314.266
1764000 299.621
1765000 323.757
1766000 316.803
1767000 315.433
1768000 312.459
1769000 315.236
1770000 318.137
1771000 310.308
1772000 319.716
1773000 308.441
1774000 293.872
1775000 297.975
1776000 302.927
1777000 307.231
1778000 302.899
1779000 320.673
1780000 321.291
1781000 310.452
1782000 302.941
1783000 323.101
1784000 302.848
1785000 313.143
1786000 301.702
1787000 293.978
1788000 305.319
1789000 316.904
1790000 311.029
1791000 296.523
1792000 296.864
1793000 311.503
1794000 322.027
1795000 301.34
1796000 306.895
1797000 285.982
1798000 313.461
1799000 300.038
1800000 306.123
1801000 313.726
1802000 311.338
1803000 295.548
1804000 310.225
1805000 300.011
1806000 303.047
1807000 306.642
1808000 299.548
1809000 306.896
1810000 292.048
1811000 297.183
1812000 313.601
1813000 285.678
1814000 300.708
1815000 299.478
1816000 321.89
1817000 287.612
1818000 309
1819000 315.564
1820000 307.671
1821000 315.341
1822000 306.013
1823000 297.287
1824000 302.698
1825000 309.81
1826000 293.732
1827000 287.598
1828000 290.033
1829000 279.027
1830000 295.505
1831000 277.85
1832000 295.318
1833000 302.348
1834000 287.548
1835000 292.078
1836000 301.215
1837000 303.323
1838000 296.677
1839000 285.915
1840000 296.239
1841000 288.333
1842000 296.732
1843000 294.034
1844000 305.683
1845000 298.259
1846000 310.192
1847000 287.765
1848000 287.592
1849000 286.363
1850000 291.647
1851000 280.422
1852000 289.54
1853000 280.209
1854000 270.284
1855000 277.904
1856000 278.009
1857000 267.164
1858000 258.877
1859000 255.582
1860000 264.799
1861000 253.601
1862000 267.084
1863000 282.168
1864000 276.44
1865000 264.986
1866000 248.542
1867000 249.235
1868000 261.728
1869000 278.569
1870000 263.189
1871000 285.136
1872000 283.643
1873000 296.3
1874000 275.429
1875000 280.482
1876000 279.5
1877000 281.607
1878000 286.452
1879000 281.314
1880000 277.911
1881000 274.47
1882000 274.399
1883000 281.995
1884000 287.04
1885000 302.295
1886000 305.875
1887000 309.799
1888000 298.98
1889000 301.687
1890000 297.244
1891000 292.734
1892000 305.614
1893000 296.073
1894000 285.615
1895000 282.72
1896000 289.15
1897000 289.289
1898000 285.674
1899000 293.473
1900000 268.251
1901000 275.011
1902000 276.954
1903000 269.113
1904000 274.116
1905000 259.384
1906000 275.844
1907000 262.867
1908000 263.67
1909000 255.161
1910000 256.838
1911000 284.218
1912000 253.797
1913000 273.496
1914000 259.97
1915000 243.689
1916000 226.715
1917000 236.387
1918000 247.032
1919000 241.51
1920000 247.229
1921000 282.992
1922000 277.368
1923000 265.615
1924000 268.659
1925000 265.477
1926000 279.62
1927000 264.968
1928000 263.881
1929000 251.217
1930000 257.557
1931000 265.896
1932000 263.897
1933000 282.615
1934000 270.439
1935000 281.24
1936000 259.71
1937000 248.912
1938000 259.683
1939000 262.13
1940000 272.185
1941000 260.406
1942000 254.267
1943000 275.93
1944000 270.017
1945000 250.829
1946000 259.43
1947000 259.329
1948000 265.9
1949000 279.537
1950000 282.457
1951000 287.113
1952000 280.081
1953000 280.108
1954000 273.604
1955000 278.897
1956000 292.748
1957000 290.112
1958000 310.716
1959000 300.516
1960000 303.487
1961000 284.349
1962000 295.215
1963000 290.156
1964000 291.091
1965000 276.885
1966000 289.102
1967000 273.442
1968000 288.075
1969000 277.961
1970000 288.649
1971000 269.812
1972000 288.158
1973000 278.339
1974000 273.402
1975000 264.512
1976000 267.009
1977000 258.246
1978000 268.179
1979000 247.357
1980000 245.229
1981000 253.118
1982000 255.799
1983000 287.483
1984000 278.027
1985000 292.375
1986000 263.316
1987000 242.636
1988000 241.949
1989000 245.717
1990000 241.834
1991000 255.189
1992000 252.931
1993000 242.882
1994000 255.308
1995000 259.689
1996000 261.214
1997000 253.929
1998000 252.104
1999000 279.587
2000000 266.085
2001000 246.998
2002000 238.116
2003000 249.904
2004000 246.755
2005000 234.526
2006000 255.071
2007000 255.17
2008000 265.101
2009000 253.732
2010000 239.39
2011000 239.784
2012000 248.765
2013000 253.653
2014000 245.035
2015000 262.313
2016000 256.135
2017000 248.464
2018000 268.47
2019000 278.397
2020000 278.274
2021000 263.818
2022000 264.315
2023000 271.935
2024000 258.724
2025000 251.288
2026000 265.088
2027000 253.02
2028000 267.916
2029000 253.969
2030000 227.045
2031000 251.745
2032000 260.279
2033000 247.657
2034000 239.709
2035000 242.715
2036000 235.762
2037000 237.857
2038000 252.106
2039000 240.543
2040000 241.022
2041000 220.952
2042000 221.382
2043000 223.093
2044000 218.06
2045000 212.454
2046000 201.667
2047000 218.645
2048000 232.364
2049000 228.833
2050000 249.105
2051000 250.595
2052000 248.281
2053000 257.038
2054000 252.582
2055000 237.531
2056000 255.052
2057000 244.778
2058000 230.976
2059000 217.304
2060000 184.508
2061000 189.579
2062000 175.009
2063000 204.199
2064000 209.131
2065000 188.236
2066000 199.13
2067000 221.708
2068000 222.249
2069000 227.063
2070000 251.605
2071000 253.074
2072000 237.803
2073000 253.291
2074000 278.006
2075000 275.909
2076000 270.568
2077000 266.497
2078000 262.365
2079000 259.02
2080000 265.426
2081000 251.234
2082000 247.519
2083000 247.05
2084000 244.931
2085000 227.791
2086000 216.635
2087000 235.282
2088000 222.233
2089000 218.958
2090000 219.345
2091000 223.449
2092000 215.062
2093000 214.295
2094000 216.535
2095000 207.708
2096000 213.195
2097000 215.316
2098000 194.365
2099000 236.967
2100000 231.597
2101000 237.805
2102000 229.592
2103000 240.525
2104000 254.542
2105000 238.667
2106000 220.754
2107000 224.496
2108000 220.001
2109000 213.171
2110000 210.181
2111000 215.39
2112000 230.156
2113000 224.859
2114000 239.685
2115000 244.276
2116000 237.657
2117000 218.368
2118000 223.763
2119000 227.249
2120000 218.033
2121000 204.567
2122000 214.247
2123000 223.221
2124000 244.076
2125000 236.128
2126000 223.039
2127000 209.915
2128000 184.83
2129000 192.618
2130000 177.407
2131000 187.581
2132000 198.161
2133000 214.649
2134000 207.85
2135000 209.567
2136000 211.556
2137000 208.044
2138000 196.316
2139000 198.525
2140000 174.411
2141000 185.734
2142000 173.23
2143000 192.964
2144000 195.449
2145000 194.507
2146000 200.384
2147000 181.726
2148000 192.206
2149000 189.581
2150000 168.931
2151000 177.156
2152000 168.113
2153000 190.942
2154000 193.946
2155000 192.201
2156000 167.367
2157000 201.885
2158000 193.006
2159000 223.435
2160000 162.467
2161000 184.63
2162000 168.689
2163000 160.823
2164000 181.982
2165000 163.239
2166000 176.838
2167000 196.036
2168000 191.115
2169000 192.099
2170000 176.899
2171000 172.808
2172000 219.86
2173000 208.979
2174000 180.373
2175000 190.27
2176000 200.535
2177000 184.801
2178000 205.148
2179000 223.315
2180000 193.004
2181000 160.429
2182000 161.922
2183000 147.929
2184000 166.98
2185000 183.48
2186000 142.275
2187000 149.018
2188000 164.295
2189000 198.254
2190000 179.123
2191000 190.504
2192000 203.908
2193000 205.569
2194000 213.166
2195000 207.97
2196000 218.956
2197000 225.402
2198000 208.871
2199000 219.551
2200000 234.614
2201000 218.373
2202000 217.389
2203000 213.938
2204000 215.365
2205000 207.748
2206000 217.329
2207000 222.787
2208000 191.586
2209000 193.945
2210000 193.666
2211000 205.548
2212000 220.93
2213000 207.583
2214000 187.645
2215000 189.656
2216000 198.216
2217000 186.934
2218000 189.934
2219000 212.009
2220000 226.037
2221000 186.859
2222000 187.006
2223000 186.098
2224000 211.628
2225000 186.055
2226000 149.111
2227000 145.571
2228000 149.264
2229000 178.323
2230000 189.177
2231000 189.877
2232000 187.428
2233000 206.593
2234000 191.99
2235000 193.04
2236000 180.366
2237000 173.224
2238000 168.59
2239000 152.787
2240000 149.857
2241000 167.948
2242000 194.917
2243000 201.125
2244000 201.055
2245000 192.774
2246000 191.433
2247000 178.203
2248000 183.897
2249000 173.974
2250000 188.712
2251000 210.7
2252000 200.639
2253000 171.524
2254000 158.064
2255000 199.602
2256000 183.929
2257000 165.722
2258000 143.032
2259000 171.386
2260000 184.448
2261000 194.055
2262000 227.035
2263000 227.401
2264000 219.124
2265000 213.162
2266000 211.171
2267000 225.508
2268000 222.784
2269000 245.617
2270000 214.57
2271000 224.308
2272000 228.489
2273000 201.29
2274000 208.012
2275000 216.484
2276000 215.412
2277000 209.446
2278000 211.813
2279000 227.975
2280000 248.189
2281000 252.748
2282000 241.704
2283000 267.352
2284000 224.515
2285000 223.335
2286000 230.911
2287000 253.674
2288000 227.548
2289000 218.052
2290000 205.732
2291000 218.033
2292000 199.326
2293000 200.637
2294000 212.802
2295000 197.684
2296000 201.749
2297000 201.297
2298000 195.656
2299000 203.001
2300000 191.521
2301000 196.313
2302000 195.945
2303000 207.631
2304000 223.596
2305000 222.573
2306000 221.855
2307000 220.824
2308000 237.8
2309000 269.643
2310000 246.572
2311000 234.274
2312000 219.368
2313000 220.173
2314000 208.753
2315000 196.845
2316000 166.195
2317000 194.005
2318000 214.926
2319000 189.612
2320000 205.161
2321000 194.703
2322000 219.747
2323000 219.525
2324000 208.891
2325000 220.182
2326000 222.219
2327000 211.993
2328000 185.783
2329000 186.743
2330000 182.727
2331000 162.331
2332000 195.696
2333000 206.763
2334000 207.076
2335000 209.474
2336000 209.857
2337000 197.209
2338000 217.423
2339000 183.898
2340000 181.68
2341000 204.083
2342000 216.552
2343000 210.45
2344000 204.771
2345000 211.282
2346000 185.189
2347000 185.318
2348000 188.055
2349000 216.285
2350000 228.44
2351000 224.055
2352000 225.969
2353000 226.909
2354000 235.597
2355000 226.798
2356000 215.932
2357000 224.227
2358000 239.784
2359000 244.98
2360000 247.066
2361000 224.146
2362000 239.892
2363000 249.011
2364000 242.625
2365000 233.269
2366000 215.815
2367000 227.318
2368000 208.928
2369000 197.505
2370000 180.827
2371000 190.308
2372000 194.435
2373000 212.803
2374000 198.59
2375000 202.705
2376000 205.027
2377000 194.93
2378000 188.746
2379000 223.458
2380000 236.792
2381000 227.493
2382000 210.855
2383000 218.623
2384000 193.252
2385000 197.479
2386000 201.865
2387000 195.954
2388000 211.151
2389000 194.397
2390000 207.539
2391000 180.132
2392000 167.978
2393000 163.711
2394000 186.913
2395000 172.927
2396000 199.478
2397000 217.308
2398000 198.769
2399000 184.908
2400000 174.625
2401000 202.837
2402000 208.221
2403000 188.162
2404000 179.474
2405000 154.382
2406000 145.144
2407000 164.515
2408000 147.899
2409000 155.337
2410000 189.384
2411000 167.104
2412000 188.974
2413000 188.263
2414000 193.264
2415000 182.22
2416000 191.81
2417000 169.266
2418000 161.787
2419000 165.133
2420000 173.231
2421000 187.717
2422000 179.038
2423000 166.311
2424000 153.055
2425000 153.777
2426000 167.415
2427000 163.826
2428000 174.088
2429000 172.985
2430000 166.02
2431000 147.531
2432000 168.196
2433000 147.828
2434000 154.323
2435000 131.832
2436000 146.497
2437000 154.306
2438000 160.33
2439000 171.568
2440000 188.928
2441000 185.878
2442000 176.219
2443000 167.513
2444000 172.557
2445000 171.277
2446000 169.483
2447000 173.729
2448000 192.094
2449000 191.661
2450000 193.569
2451000 204.521
2452000 170.037
2453000 167.619
2454000 167.371
2455000 183.356
2456000 175.804
2457000 189.951
2458000 204.547
2459000 156.107
2460000 178.267
2461000 199.123
2462000 186.155
2463000 168.398
2464000 170.984
2465000 168.059
2466000 163.725
2467000 207.54
2468000 157.23
2469000 147.17
2470000 156.319
2471000 177.933
2472000 165.784
2473000 137.761
2474000 178.94
2475000 167.654
2476000 159.306
2477000 167.536
2478000 171.6
2479000 165.176
2480000 173.713
2481000 151.589
2482000 145.491
2483000 180.235
2484000 189.645
2485000 188.733
2486000 183.867
2487000 129.697
2488000 161.853
2489000 165.766
2490000 181.231
2491000 137.599
2492000 165.124
2493000 169.904
2494000 162.839
2495000 172.471
2496000 157.096
2497000 142.2
2498000 153.79
2499000 164.854
2500000 161.175
2501000 153.343
2502000 160.576
2503000 160.388
2504000 174.58
2505000 178.996
2506000 169.292
2507000 152.863
2508000 132.097
2509000 134.035
2510000 164.48
2511000 171.339
2512000 160.227
2513000 136.133
2514000 143.184
2515000 161.71
2516000 178.755
2517000 157.793
2518000 136.096
2519000 157.474
2520000 136.881
2521000 153.39
2522000 159.729
2523000 162.391
2524000 164.133
2525000 139.792
2526000 151.265
2527000 157.81
2528000 163.342
2529000 159.469
2530000 134.41
2531000 153.102
2532000 154.593
2533000 138.701
2534000 157.445
2535000 133.544
2536000 108.517
2537000 130.253
2538000 157.998
2539000 168.598
2540000 185.701
2541000 194.155
2542000 207.443
2543000 167.871
2544000 164.659
2545000 143.502
2546000 164.821
2547000 177.786
2548000 193.712
2549000 197.414
2550000 181.228
2551000 195.409
2552000 147.449
2553000 172.329
2554000 176.369
2555000 161.98
2556000 161.793
2557000 153.755
2558000 175.608
2559000 142.232
2560000 140.481
2561000 176.403
2562000 167.808
2563000 185.238
2564000 161.76
2565000 154.393
2566000 166.883
2567000 158.158
2568000 159.32
2569000 140.824
2570000 139.313
2571000 163.829
2572000 161.11
2573000 137.019
2574000 141.098
2575000 138.01
2576000 157.161
2577000 135.98
2578000 160.184
2579000 141.364
2580000 151.77
2581000 147.693
2582000 157.621
2583000 163.009
2584000 180.493
2585000 166.011
2586000 147.727
2587000 161.41
2588000 167.368
2589000 170.281
2590000 167.205
2591000 157.235
2592000 146.061
2593000 137.393
2594000 132.318
2595000 147.755
2596000 179.831
2597000 144.005
2598000 143.917
2599000 157.495
2600000 163.216
2601000 155.539
2602000 161.951
2603000 141.678
2604000 131.894
2605000 128.666
2606000 163.627
2607000 164.844
2608000 166.865
2609000 180.906
2610000 172.142
2611000 178.445
2612000 146.505
2613000 137.098
2614000 157.296
2615000 142.439
2616000 153.749
2617000 172.785
2618000 134.118
2619000 113.253
2620000 157.229
2621000 164.512
2622000 134.222
2623000 145.438
2624000 153.756
2625000 150.489
2626000 165.873
2627000 145.66
2628000 151.286
2629000 168.914
2630000 163.605
2631000 143.479
2632000 144.854
2633000 145.79
2634000 119.036
2635000 120.273
2636000 150.202
2637000 157.777
2638000 174.826
2639000 167.075
2640000 156.431
2641000 139.851
2642000 145.201
2643000 142.403
2644000 152.395
2645000 170.955
2646000 164.439
2647000 181.65
2648000 166.424
2649000 138.088
2650000 155.504
2651000 151.054
2652000 123.806
2653000 133.135
2654000 157.095
2655000 149.282
2656000 143.978
2657000 142.145
2658000 129.172
2659000 116.75
2660000 122.972
2661000 155.989
2662000 158.473
2663000 144.119
2664000 120.689
2665000 111.235
2666000 126.601
2667000 128.374
2668000 135.285
2669000 150.132
2670000 167.628
2671000 147.431
2672000 130.584
2673000 124.75
2674000 114.271
2675000 123.69
2676000 125.245
2677000 134.862
2678000 152.341
2679000 153.885
2680000 141.64
2681000 132.718
2682000 133.049
2683000 146.617
2684000 151.296
2685000 168.442
2686000 173.821
2687000 127.534
2688000 123.808
2689000 132.47
2690000 143.083
2691000 128.809
2692000 154.042
2693000 173.737
2694000 154.201
2695000 131.854
2696000 108.365
2697000 132.301
2698000 163.042
2699000 159.156
2700000 160.901
2701000 153.827
2702000 152.931
2703000 152.594
2704000 130.048
2705000 172.953
2706000 173.109
2707000 175.54
2708000 132.108
2709000 161.966
2710000 173.72
2711000 159.544
2712000 144.18
2713000 154.002
2714000 159.641
2715000 182.87
2716000 182.243
2717000 195.353
2718000 164.974
2719000 149.965
2720000 177.248
2721000 181.991
2722000 173.978
2723000 157.777
2724000 138.122
2725000 126.156
2726000 151.114
2727000 155.127
2728000 154.382
2729000 142.897
2730000 147.61
2731000 157.44
2732000 154.373
2733000 157.385
2734000 150.664
2735000 150.837
2736000 155.174
2737000 149.835
2738000 154.148
2739000 169.144
2740000 167.575
2741000 143.606
2742000 125.031
2743000 114.897
2744000 126.678
2745000 111.695
2746000 133.607
2747000 105.831
2748000 131.78
2749000 132.708
2750000 128.3
2751000 136.541
2752000 116.639
2753000 135.033
2754000 150.309
2755000 137.288
2756000 129.961
2757000 154.914
2758000 128.212
2759000 159.628
2760000 151.964
2761000 136.223
2762000 141.784
2763000 131.203
2764000 139.975
2765000 143.847
2766000 115.767
2767000 126.216
2768000 139.628
2769000 131.786
2770000 147.375
2771000 138.1
2772000 126.719
2773000 115.648
2774000 150.919
2775000 148.253
2776000 112.54
2777000 143.267
2778000 163.01
2779000 162.587
2780000 163.752
2781000 139.255
2782000 140.58
2783000 131.851
2784000 119.328
2785000 127.711
2786000 157.493
2787000 124.881
2788000 135.567
2789000 131.816
2790000 150.428
2791000 139.146
2792000 135.826
2793000 136.768
2794000 126.182
2795000 138.559
2796000 153.116
2797000 140.163
2798000 143.394
2799000 128.781
2800000 110.379
2801000 135.226
2802000 172.43
2803000 168.39
2804000 151.653
2805000 155.647
2806000 162.138
2807000 162.093
2808000 157.986
2809000 154.428
2810000 135.777
2811000 145.525
2812000 151.226
2813000 170.663
2814000 154.453
2815000 163.683
2816000 146.038
2817000 167.641
2818000 177.411
2819000 184.286
2820000 173.504
2821000 187.107
2822000 189.4
2823000 185.644
2824000 147.987
2825000 122.716
2826000 143.423
2827000 179.834
2828000 163.758
2829000 154.033
2830000 156.219
2831000 137.48
2832000 152.696
2833000 149.059
2834000 111.931
2835000 140.091
2836000 131.663
2837000 148.123
2838000 153.739
2839000 153.038
2840000 130.567
2841000 117.154
2842000 125.924
2843000 131.621
2844000 123.964
2845000 133.821
2846000 111.023
2847000 138.882
2848000 124.58
2849000 112.891
2850000 135.486
2851000 165.185
2852000 142.379
2853000 112.533
2854000 113.055
2855000 129.585
2856000 141.697
2857000 176.195
2858000 152.798
2859000 158.994
2860000 132.616
2861000 119.721
2862000 164.277
2863000 153.089
2864000 145.25
2865000 135.092
2866000 145.915
2867000 138.646
2868000 118.733
2869000 131.594
2870000 145.353
2871000 142.169
2872000 137.207
2873000 125.248
2874000 158.633
2875000 149.056
2876000 121.387
2877000 148.476
2878000 178.924
2879000 173.129
2880000 145.039
2881000 150.32
2882000 143.377
2883000 194.136
2884000 149.595
2885000 129.33
2886000 132.078
2887000 152.683
2888000 171.668
2889000 174.058
2890000 165.645
2891000 143.99
2892000 154.921
2893000 144.575
2894000 147.602
2895000 154.718
2896000 144.861
2897000 121.662
2898000 119.857
2899000 122.235
2900000 150.92
2901000 170.46
2902000 135.22
2903000 133.29
2904000 152.138
2905000 185.71
2906000 154.036
2907000 138.523
2908000 149.403
2909000 139.47
2910000 168.106
2911000 174.429
2912000 169.985
2913000 120.332
2914000 142.458
2915000 179.076
2916000 166.865
2917000 157.079
2918000 146.539
2919000 139.36
2920000 151.251
2921000 143.25
2922000 146.512
2923000 150.613
2924000 155.961
2925000 137.163
2926000 155.409
2927000 164.675
2928000 134.944
2929000 120.589
2930000 132.148
2931000 146.368
2932000 159.863
2933000 128.501
2934000 132.122
2935000 140.587
2936000 118.637
2937000 121.833
2938000 128.684
2939000 145.029
2940000 138.661
2941000 143.131
2942000 111.708
2943000 133.137
2944000 163.433
2945000 149.03
2946000 133.599
2947000 143.877
2948000 143.886
2949000 155.462
2950000 151.399
2951000 146.558
2952000 130.356
2953000 137.25
2954000 149.39
2955000 134.845
2956000 152.332
2957000 158.045
2958000 113.053
2959000 117.218
2960000 135.048
2961000 133.808
2962000 146.314
2963000 151.155
2964000 149.45
2965000 140.653
2966000 139.401
2967000 154.863
2968000 115.777
2969000 136.551
2970000 150.258
2971000 145.673
2972000 121.245
2973000 133.143
2974000 151.697
2975000 159.054
2976000 145.346
2977000 135.121
2978000 138.97
2979000 135.277
2980000 130.09
2981000 152.744
2982000 129.358
2983000 112.625
2984000 146.044
2985000 133.421
2986000 129.152
2987000 169.08
2988000 141.731
2989000 143.765
2990000 156.792
2991000 150.715
2992000 147.95
2993000 138.611
2994000 163.813
2995000 174.179
2996000 171.57
2997000 154.826
2998000 148.259
2999000 168.398
3000000 160.616
3001000 142.513
3002000 154.543
3003000 158.028
3004000 167.275
3005000 163.89
3006000 171.322
3007000 146.836
3008000 150.748
3009000 140.512
3010000 148.636
3011000 643.237
3012000 560.778
3013000 592.08
3014000 541.093
3015000 567.167
3016000 593.694
3017000 558.689
3018000 564.246
3019000 580.338
3020000 571.824
3021000 614.107
3022000 591.678
3023000 581.077
3024000 599.139
3025000 574.517
3026000 567.374
3027000 588.461
3028000 581.831
3029000 591.82
3030000 589.13
3031000 580.72
3032000 594.693
3033000 594.219
3034000 590.043
3035000 596.899
3036000 578.107
3037000 630.27
3038000 617.762
3039000 581.505
3040000 628.001
3041000 597.671
3042000 620.934
3043000 596.392
3044000 587.67
3045000 584.33
3046000 582.114
3047000 584.739
3048000 581.808
3049000 620.497
3050000 606.373
3051000 603.971
3052000 567.455
3053000 570.496
3054000 567.562
3055000 592.557
3056000 612.841
3057000 614.513
3058000 599.863
3059000 596.607
3060000 604.206
3061000 568.542
3062000 596.779
3063000 596.196
3064000 617.206
3065000 590.619
3066000 592.829
3067000 570.767
3068000 593.033
3069000 608.099
3070000 588.761
3071000 610.362
3072000 601.024
3073000 588.959
3074000 596.078
3075000 563.89
3076000 578.704
3077000 571.967
3078000 561.365
3079000 567.737
3080000 562.57
3081000 567.708
3082000 566.702
3083000 569.837
3084000 575.35
3085000 613.668
3086000 586.738
3087000 600.772
3088000 598.532
3089000 572.395
3090000 553.996
3091000 568.748
3092000 588.852
3093000 579.668
3094000 560.405
3095000 575.249
3096000 588.698
3097000 588.47
3098000 575.1
3099000 564.638
3100000 581.368
3101000 588.817
3102000 548.99
3103000 585.547
3104000 577.905
3105000 582.189
3106000 562.79
3107000 579.486
3108000 567.27
3109000 568.256
3110000 572.485
3111000 562.554
3112000 585.962
3113000 557.368
3114000 569.818
3115000 578.44
3116000 546.757
3117000 597.577
3118000 562.129
3119000 579.228
3120000 587.511
3121000 612.033
3122000 597.533
3123000 595.849
3124000 588.111
3125000 598.946
3126000 582.407
3127000 596.362
3128000 576.516
3129000 579.773
3130000 563.473
3131000 592.401
3132000 591.073
3133000 567.245
3134000 593.285
3135000 584.241
3136000 577.795
3137000 589.667
3138000 567.068
3139000 579.605
3140000 576.099
3141000 579.318
3142000 572.077
3143000 560.969
3144000 555.771
3145000 548.951
3146000 550.548
3147000 580.276
3148000 553.804
3149000 557.581
3150000 556.931
3151000 551.488
3152000 591.27
3153000 606.504
3154000 568.019
3155000 579.635
3156000 557.238
3157000 567.929
3158000 538.829
3159000 577.263
3160000 538.177
3161000 556.056
3162000 560.317
3163000 537.816
3164000 551.306
3165000 562.596
3166000 568.94
3167000 581.743
3168000 534.807
3169000 574.134
3170000 561.258
3171000 573.83
3172000 569.042
3173000 582.71
3174000 556.991
3175000 564.442
3176000 577.047
3177000 565.071
3178000 579.309
3179000 536.946
3180000 553.275
3181000 533.031
3182000 572.385
3183000 583.13
3184000 548.435
3185000 564.391
3186000 545.642
3187000 552.593
3188000 554.465
3189000 567.094
3190000 582.408
3191000 558.892
3192000 567.883
3193000 570.719
3194000 561.534
3195000 582.942
3196000 577.983
3197000 571.699
3198000 560.151
3199000 575.077
3200000 556.061
3201000 544.52
3202000 558.402
3203000 578.809
3204000 565.973
3205000 540.455
3206000 540.696
3207000 541.896
3208000 526.991
3209000 515.051
3210000 547.425
3211000 541.904
3212000 552.998
3213000 568.514
3214000 558.968
3215000 535.355
3216000 514.504
3217000 515.739
3218000 561.714
3219000 547.602
3220000 538.21
3221000 564.927
3222000 531.194
3223000 541.857
3224000 558.638
3225000 539.907
3226000 573.62
3227000 582.274
3228000 552.797
3229000 565.284
3230000 578.104
3231000 571.424
3232000 545.051
3233000 545.083
3234000 546.2
3235000 511.738
3236000 532.124
3237000 518.165
3238000 504.899
3239000 522.613
3240000 529.742
3241000 522.265
3242000 504.933
3243000 553.034
3244000 539.203
3245000 541.24
3246000 521.81
3247000 533.566
3248000 517.762
3249000 492.201
3250000 530.323
3251000 544.098
3252000 549.015
3253000 520.845
3254000 549.375
3255000 550.459
3256000 538.669
3257000 539.846
3258000 551.788
3259000 530.702
3260000 524.582
3261000 540.721
3262000 559.163
3263000 538.348
3264000 549.556
3265000 558.92
3266000 551.321
3267000 535.073
3268000 514.772
3269000 551.392
3270000 528.926
3271000 522.756
3272000 531.362
3273000 532.094
3274000 536.49
3275000 505.033
3276000 467.975
3277000 469.4
3278000 515.11
3279000 501.913
3280000 528.32
3281000 522.986
3282000 527.488
3283000 501.989
3284000 487.051
3285000 468.651
3286000 486.436
3287000 511.962
3288000 499.702
3289000 487.231
3290000 492.998
3291000 467.945
3292000 445.367
3293000 459.674
3294000 490.821
3295000 466.202
3296000 458.858
3297000 471.806
3298000 495.247
3299000 505.124
3300000 522.052
3301000 530.093
3302000 525.122
3303000 500.409
3304000 513.532
3305000 514.579
3306000 495.172
3307000 542.702
3308000 505.988
3309000 526.508
3310000 522.393
3311000 527.061
3312000 510.268
3313000 513.321
3314000 537.823
3315000 524.118
3316000 512.575
3317000 513.117
3318000 487.773
3319000 506.121
3320000 494.644
3321000 508.366
3322000 537.672
3323000 518.882
3324000 520.828
3325000 504.994
3326000 482.085
3327000 458.18
3328000 476.866
3329000 482.733
3330000 499.332
3331000 535.47
3332000 499.797
3333000 488.142
3334000 469.257
3335000 478.452
3336000 459.229
3337000 520.398
3338000 484.646
3339000 487.664
3340000 480.938
3341000 484.319
3342000 498.962
3343000 481.759
3344000 467.8
3345000 447.094
3346000 423.624
3347000 448.32
3348000 444.235
3349000 432.773
3350000 476.276
3351000 456.888
3352000 436.495
3353000 409.518
3354000 417.595
3355000 379.438
3356000 395.867
3357000 412.286
3358000 460.217
3359000 469.04
3360000 441.482
3361000 415.641
3362000 413.084
3363000 432.945
3364000 460.289
3365000 493.089
3366000 454.1
3367000 455.416
3368000 428.88
3369000 465.61
3370000 486.397
3371000 440.867
3372000 420.877
3373000 452.013
3374000 450.546
3375000 456.972
3376000 443.852
3377000 447.974
3378000 468.552
3379000 437.622
3380000 444.344
3381000 432.011
3382000 438.525
3383000 482.939
3384000 471.845
3385000 476.465
3386000 494.366
3387000 492.062
3388000 460.048
3389000 500.143
3390000 474.472
3391000 465.018
3392000 450.46
3393000 435.715
3394000 445.411
3395000 428.778
3396000 419.39
3397000 455.813
3398000 462.716
3399000 464.036
3400000 438.647
3401000 441.774
3402000 460.806
3403000 451.199
3404000 468.365
3405000 448.606
3406000 451.415
3407000 425.563
3408000 436.255
3409000 412.422
3410000 435.497
3411000 476.561
3412000 450.297
3413000 435.953
3414000 436.876
3415000 461.756
3416000 449.904
3417000 424.624
3418000 456.397
3419000 423.684
3420000 450.001
3421000 419.333
3422000 431.957
3423000 416.761
3424000 416.882
3425000 450.83
3426000 435.108
3427000 433.328
3428000 445.097
3429000 480.009
3430000 450.333
3431000 445.979
3432000 482.687
3433000 492.823
3434000 495.349
3435000 503.094
3436000 480.36
3437000 477.771
3438000 467.746
3439000 497.565
3440000 481.371
3441000 507.656
3442000 475.005
3443000 482.957
3444000 477.217
3445000 446.123
3446000 432.796
3447000 457.631
3448000 460.069
3449000 490.526
3450000 442.392
3451000 448.284
3452000 457.203
3453000 465.517
3454000 452.061
3455000 429.004
3456000 475.148
3457000 508.831
3458000 461.408
3459000 446.6
3460000 459.938
3461000 451.907
3462000 445.648
3463000 454.268
3464000 385.075
3465000 393.364
3466000 429.884
3467000 445.531
3468000 436.566
3469000 467.574
3470000 440.208
3471000 424.405
3472000 445.631
3473000 440.85
3474000 434.149
3475000 439.035
3476000 423.427
3477000 406.287
3478000 413.016
3479000 467.176
3480000 434.063
3481000 464.239
3482000 460.55
3483000 435.128
3484000 436.421
3485000 420.371
3486000 409.132
3487000 412.431
3488000 419.644
3489000 432.215
3490000 460.879
3491000 448.811
3492000 448.988
3493000 456.846
3494000 447.459
3495000 430.641
3496000 471.6
3497000 474.023
3498000 487.633
3499000 504.438
3500000 433.929
3501000 405.656
3502000 448.146
3503000 418.619
3504000 456.163
3505000 422.919
3506000 418.753
3507000 422.979
3508000 455.435
3509000 456.653
3510000 473.893
3511000 426.544
3512000 440.702
3513000 412.415
3514000 396.439
3515000 380.004
3516000 402.776
3517000 425.155
3518000 446.013
3519000 452.735
3520000 450.378
3521000 440.955
3522000 365.729
3523000 401.134
3524000 432.012
3525000 421.296
3526000 453.491
3527000 457.102
3528000 449.942
3529000 424.228
3530000 432.041
3531000 432.493
3532000 420.571
3533000 398.401
3534000 443.374
3535000 469.062
3536000 454.254
3537000 457.901
3538000 462.95
3539000 412.692
3540000 458.299
3541000 448.536
3542000 439.607
3543000 492.846
3544000 475.504
3545000 470.233
3546000 423.204
3547000 421.995
3548000 429.437
3549000 405.352
3550000 424.456
3551000 438.53
3552000 449.69
3553000 447.772
3554000 444.401
3555000 422.118
3556000 358.558
3557000 396.307
3558000 438.225
3559000 447.073
3560000 418.702
3561000 397.408
3562000 418.591
3563000 403.182
3564000 371.081
3565000 419.92
3566000 487.341
3567000 449.435
3568000 415.229
3569000 404.385
3570000 434.384
3571000 401.508
3572000 404.322
3573000 384.789
3574000 407.949
3575000 368.966
3576000 406.467
3577000 411.157
3578000 422.541
3579000 403.04
3580000 394.823
3581000 378.631
3582000 385.937
3583000 400.738
3584000 405.951
3585000 419.294
3586000 411.471
3587000 436.533
3588000 396.774
3589000 376.306
3590000 387.171
3591000 427.817
3592000 469.385
3593000 408.694
3594000 389.932
3595000 399.11
3596000 420.186
3597000 434.903
3598000 425.098
3599000 423.241
3600000 406.45
3601000 400.036
3602000 426.459
3603000 413.11
3604000 384.518
3605000 404.792
3606000 430.971
3607000 430.014
3608000 383.432
3609000 390.426
3610000 445.646
3611000 423.159
3612000 439.453
3613000 442.573
3614000 408.39
3615000 410.054
3616000 400.859
3617000 461.711
3618000 405.475
3619000 400.958
3620000 425.877
3621000 447.594
3622000 439.238
3623000 435.491
3624000 446.047
3625000 451.67
3626000 394.806
3627000 354.525
3628000 433.524
3629000 402.549
3630000 455.413
3631000 441.18
3632000 428.631
3633000 420.918
3634000 442.944
3635000 476.556
3636000 463.018
3637000 498.28
3638000 452.405
3639000 391.556
3640000 379.196
3641000 378.731
3642000 398.674
3643000 430.379
3644000 427.568
3645000 425.281
3646000 431.534
3647000 416.118
3648000 386.614
3649000 392.797
3650000 421.815
3651000 427.728
3652000 459.966
3653000 441.167
3654000 410.648
3655000 425.487
3656000 410.886
3657000 399.753
3658000 424.02
3659000 426.698
3660000 388.116
3661000 416.043
3662000 402.704
3663000 444.079
3664000 411.265
3665000 415.381
3666000 457.053
3667000 430.488
3668000 395.117
