# Time-averaged data for fix myfixR2
# TimeStep c_R2[0]
5001000 2.06245
5002000 2.06847
5003000 2.06758
5004000 2.09838
5005000 2.08803
5006000 2.07612
5007000 2.06206
5008000 2.10639
5009000 2.07697
5010000 2.08401
5011000 2.07223
5012000 2.08575
5013000 2.09108
5014000 2.07593
5015000 2.08082
5016000 2.05174
5017000 2.09679
5018000 2.08254
5019000 2.09029
5020000 2.07761
5021000 2.0863
5022000 2.07454
5023000 2.07345
5024000 2.07567
5025000 2.0575
5026000 2.06124
5027000 2.10298
5028000 2.08976
5029000 2.07495
5030000 2.09703
5031000 2.06231
5032000 2.10397
5033000 2.09398
5034000 2.05613
5035000 2.11064
5036000 2.07863
5037000 2.04119
5038000 2.06779
5039000 2.0839
5040000 2.07498
5041000 2.03231
5042000 2.06898
5043000 2.08486
5044000 2.09735
5045000 2.07551
5046000 2.08378
5047000 2.08265
5048000 2.08545
5049000 2.07566
5050000 2.07531
5051000 2.06452
5052000 2.08777
5053000 2.10001
5054000 2.06761
5055000 2.05346
5056000 2.08414
5057000 2.05428
5058000 2.07527
5059000 2.05663
5060000 2.04306
5061000 2.11617
5062000 2.06774
5063000 2.05162
5064000 2.07774
5065000 2.08006
5066000 2.0835
5067000 2.06771
5068000 2.09042
5069000 2.02777
5070000 2.04583
5071000 2.06305
5072000 2.05052
5073000 2.05003
5074000 2.06522
5075000 2.07309
5076000 2.062
5077000 2.072
5078000 2.07604
5079000 2.05324
5080000 2.12575
5081000 2.06005
5082000 2.0549
5083000 2.06673
5084000 2.10585
5085000 2.06833
5086000 2.07121
5087000 2.06588
5088000 2.13189
5089000 2.08683
5090000 2.07883
5091000 2.1065
5092000 2.05549
5093000 2.08483
5094000 2.06917
5095000 2.0668
5096000 2.0658
5097000 2.07168
5098000 2.05809
5099000 2.08468
5100000 2.08951
5101000 2.05264
5102000 2.11235
5103000 2.07361
5104000 2.0952
5105000 2.08283
5106000 2.06057
5107000 2.04613
5108000 2.09915
5109000 2.06939
5110000 2.07064
5111000 2.07307
5112000 2.0545
5113000 2.09062
5114000 2.10064
5115000 2.07818
5116000 2.07503
5117000 2.08419
5118000 2.09312
5119000 2.12309
5120000 2.07566
5121000 2.10449
5122000 2.10546
5123000 2.12455
5124000 2.12614
5125000 2.08821
5126000 2.10626
5127000 2.12671
5128000 2.11028
5129000 2.08212
5130000 2.12559
5131000 2.07551
5132000 2.11415
5133000 2.09374
5134000 2.11257
5135000 2.12739
5136000 2.12692
5137000 2.12018
5138000 2.10642
5139000 2.07447
5140000 2.10231
5141000 2.07506
5142000 2.06563
5143000 2.06556
5144000 2.10073
5145000 2.08024
5146000 2.05931
5147000 2.06887
5148000 2.01351
5149000 2.05537
5150000 2.05721
5151000 2.05433
5152000 2.07909
5153000 2.08125
5154000 2.10516
5155000 2.06329
5156000 2.08092
5157000 2.08024
5158000 2.09215
5159000 2.09469
5160000 2.10349
5161000 2.09445
5162000 2.10109
5163000 2.08002
5164000 2.07769
5165000 2.08802
5166000 2.12458
5167000 2.09302
5168000 2.08836
5169000 2.10072
5170000 2.05238
5171000 2.09209
5172000 2.09004
5173000 2.09408
5174000 2.06575
5175000 2.05854
5176000 2.05723
5177000 2.08745
5178000 2.07897
5179000 2.04597
5180000 2.07961
5181000 2.09921
5182000 2.10884
5183000 2.09824
5184000 2.0798
5185000 2.07345
5186000 2.10591
5187000 2.10188
5188000 2.06208
5189000 2.12652
5190000 2.08797
5191000 2.07639
5192000 2.10014
5193000 2.05898
5194000 2.08874
5195000 2.06463
5196000 2.06618
5197000 2.08352
5198000 2.07448
5199000 2.0782
5200000 2.05759
5201000 2.0844
5202000 2.07835
5203000 2.04476
5204000 2.09389
5205000 2.05512
5206000 2.09468
5207000 2.09834
5208000 2.09769
5209000 2.10495
5210000 2.04152
5211000 2.07209
5212000 2.05335
5213000 2.09802
5214000 2.09251
5215000 2.08808
5216000 2.0675
5217000 2.09949
5218000 2.05789
5219000 2.07015
5220000 2.05812
5221000 2.06529
5222000 2.05409
5223000 2.09061
5224000 2.11789
5225000 2.11284
5226000 2.14088
5227000 2.11516
5228000 2.14026
5229000 2.14092
5230000 2.12537
5231000 2.13872
5232000 2.17489
5233000 2.10084
5234000 2.14465
5235000 2.09734
5236000 2.13685
5237000 2.15174
5238000 2.10668
5239000 2.11582
5240000 2.10951
5241000 2.07667
5242000 2.1759
5243000 2.14224
5244000 2.11281
5245000 2.14181
5246000 2.14631
5247000 2.11047
5248000 2.1586
5249000 2.11252
5250000 2.13198
5251000 2.09474
5252000 2.15551
5253000 2.13805
5254000 2.12789
5255000 2.15341
5256000 2.08152
5257000 2.06037
5258000 2.07858
5259000 2.08873
5260000 2.10284
5261000 2.07661
5262000 2.07309
5263000 2.10914
5264000 2.07365
5265000 2.08767
5266000 2.1178
5267000 2.11317
5268000 2.06095
5269000 2.07337
5270000 2.09406
5271000 2.05438
5272000 2.09545
5273000 2.12884
5274000 2.12032
5275000 2.08524
5276000 2.07364
5277000 2.10988
5278000 2.09651
5279000 2.10994
5280000 2.08704
5281000 2.07686
5282000 2.10882
5283000 2.12337
5284000 2.09874
5285000 2.04943
5286000 2.09018
5287000 2.11127
5288000 2.09977
5289000 2.11283
5290000 2.0963
5291000 2.1108
5292000 2.06332
5293000 2.08273
5294000 2.10263
5295000 2.10039
5296000 2.11454
5297000 2.09552
5298000 2.14351
5299000 2.13771
5300000 2.13739
5301000 2.1547
5302000 2.14563
5303000 2.14896
5304000 2.16489
5305000 2.15016
5306000 2.12988
5307000 2.15814
5308000 2.16184
5309000 2.1827
5310000 2.18681
5311000 2.13597
5312000 2.11621
5313000 2.12478
5314000 2.14111
5315000 2.14187
5316000 2.14176
5317000 2.16467
5318000 2.16821
5319000 2.14832
5320000 2.20099
5321000 2.10776
5322000 2.16037
5323000 2.14666
5324000 2.13409
5325000 2.16267
5326000 2.13992
5327000 2.15113
5328000 2.14484
5329000 2.121
5330000 2.14345
5331000 2.14019
5332000 2.16458
5333000 2.20277
5334000 2.16761
5335000 2.19824
5336000 2.16261
5337000 2.16361
5338000 2.15508
5339000 2.15012
5340000 2.15521
5341000 2.16067
5342000 2.17134
5343000 2.1501
5344000 2.14749
5345000 2.14915
5346000 2.13567
5347000 2.17445
5348000 2.14086
5349000 2.11869
5350000 2.15929
5351000 2.16686
5352000 2.14571
5353000 2.13599
5354000 2.16972
5355000 2.15494
5356000 2.15026
5357000 2.15592
5358000 2.14983
5359000 2.15561
5360000 2.14812
5361000 2.14431
5362000 2.131
5363000 2.2118
5364000 2.12908
5365000 2.20108
5366000 2.12782
5367000 2.17232
5368000 2.12888
5369000 2.14474
5370000 2.17044
5371000 2.14701
5372000 2.1751
5373000 2.17937
5374000 2.17177
5375000 2.1592
5376000 2.20559
5377000 2.17353
5378000 2.18946
5379000 2.17171
5380000 2.14393
5381000 2.18063
5382000 2.16311
5383000 2.19486
5384000 2.16422
5385000 2.15509
5386000 2.17006
5387000 2.14502
5388000 2.16715
5389000 2.17784
5390000 2.1239
5391000 2.17051
5392000 2.14141
5393000 2.16254
5394000 2.15343
5395000 2.14518
5396000 2.16269
5397000 2.1569
5398000 2.16203
5399000 2.17058
5400000 2.16151
5401000 2.17995
5402000 2.17053
5403000 2.18456
5404000 2.16137
5405000 2.14855
5406000 2.14757
5407000 2.16575
5408000 2.16668
5409000 2.16162
5410000 2.18151
5411000 2.20791
5412000 2.1761
5413000 2.15053
5414000 2.16378
5415000 2.16567
5416000 2.17304
5417000 2.17805
5418000 2.16352
5419000 2.1968
5420000 2.19918
5421000 2.15473
5422000 2.17317
5423000 2.15181
5424000 2.14519
5425000 2.17575
5426000 2.15999
5427000 2.1667
5428000 2.15662
5429000 2.17417
5430000 2.18834
5431000 2.15413
5432000 2.17616
5433000 2.20439
5434000 2.1287
5435000 2.18792
5436000 2.20739
5437000 2.18112
5438000 2.15313
5439000 2.14879
5440000 2.17973
5441000 2.19703
5442000 2.11678
5443000 2.14751
5444000 2.16884
5445000 2.17218
5446000 2.15966
5447000 2.17878
5448000 2.13199
5449000 2.14913
5450000 2.18071
5451000 2.1967
5452000 2.1553
5453000 2.1381
5454000 2.16495
5455000 2.16422
5456000 2.13178
5457000 2.16209
5458000 2.15448
5459000 2.15305
5460000 2.12197
5461000 2.165
5462000 2.15899
5463000 2.19013
5464000 2.13
5465000 2.17271
5466000 2.18139
5467000 2.18058
5468000 2.19558
5469000 2.16164
5470000 2.16056
5471000 2.21037
5472000 2.1651
5473000 2.20231
5474000 2.19436
5475000 2.16708
5476000 2.17815
5477000 2.2082
5478000 2.17675
5479000 2.16014
5480000 2.18464
5481000 2.20533
5482000 2.19983
5483000 2.16161
5484000 2.20018
5485000 2.19867
5486000 2.16694
5487000 2.22228
5488000 2.17634
5489000 2.1908
5490000 2.21076
5491000 2.18715
5492000 2.21682
5493000 2.16203
5494000 2.17493
5495000 2.18808
5496000 2.20879
5497000 2.21152
5498000 2.18852
5499000 2.2267
5500000 2.20537
5501000 2.14966
5502000 2.14669
5503000 2.20601
5504000 2.16759
5505000 2.16333
5506000 2.1951
5507000 2.1866
5508000 2.17405
5509000 2.20264
5510000 2.15662
5511000 2.15865
5512000 2.17752
5513000 2.18561
5514000 2.19004
5515000 2.13505
5516000 2.14333
5517000 2.15055
5518000 2.17398
5519000 2.13504
5520000 2.16197
5521000 2.11765
5522000 2.11694
5523000 2.1491
5524000 2.14717
5525000 2.13969
5526000 2.15171
5527000 2.13213
5528000 2.13207
5529000 2.15251
5530000 2.15909
5531000 2.12967
5532000 2.10687
5533000 2.15128
5534000 2.15296
5535000 2.16567
5536000 2.15029
5537000 2.13447
5538000 2.14563
5539000 2.16133
5540000 2.16853
5541000 2.20154
5542000 2.16626
5543000 2.19833
5544000 2.14027
5545000 2.15553
5546000 2.12485
5547000 2.13521
5548000 2.15273
5549000 2.17347
5550000 2.16331
5551000 2.16839
5552000 2.1646
5553000 2.19309
5554000 2.18217
5555000 2.15446
5556000 2.14634
5557000 2.19245
5558000 2.14393
5559000 2.16257
5560000 2.2003
5561000 2.14479
5562000 2.14732
5563000 2.16025
5564000 2.19157
5565000 2.21584
5566000 2.17077
5567000 2.13571
5568000 2.17778
5569000 2.17886
5570000 2.16496
5571000 2.18437
5572000 2.13486
5573000 2.12508
5574000 2.17196
5575000 2.14683
5576000 2.17921
5577000 2.16803
5578000 2.17505
5579000 2.14881
5580000 2.12566
5581000 2.1336
5582000 2.16489
5583000 2.16684
5584000 2.17438
5585000 2.16983
5586000 2.11319
5587000 2.13116
5588000 2.136
5589000 2.14964
5590000 2.12203
5591000 2.11912
5592000 2.11216
5593000 2.13107
5594000 2.14756
5595000 2.13352
5596000 2.13843
5597000 2.12958
5598000 2.15209
5599000 2.12998
5600000 2.11781
5601000 2.10899
5602000 2.09921
5603000 2.116
5604000 2.12315
5605000 2.12319
5606000 2.12085
5607000 2.10472
5608000 2.09593
5609000 2.11857
5610000 2.09305
5611000 2.06335
5612000 2.14847
5613000 2.10953
5614000 2.15282
5615000 2.13055
5616000 2.13969
5617000 2.12832
5618000 2.13467
5619000 2.12997
5620000 2.13732
5621000 2.09414
5622000 2.12818
5623000 2.13158
5624000 2.0999
5625000 2.11249
5626000 2.08869
5627000 2.09231
5628000 2.11487
5629000 2.1039
5630000 2.07755
5631000 2.12803
5632000 2.11896
5633000 2.10028
5634000 2.11072
5635000 2.12098
5636000 2.12267
5637000 2.14061
5638000 2.09515
5639000 2.1154
5640000 2.10823
5641000 2.11651
5642000 2.16292
5643000 2.12828
5644000 2.12159
5645000 2.12724
5646000 2.13238
5647000 2.12351
5648000 2.19182
5649000 2.11756
5650000 2.09604
5651000 2.12568
5652000 2.22541
5653000 2.12231
5654000 2.1262
5655000 2.10455
5656000 2.11887
5657000 2.14679
5658000 2.13227
5659000 2.10212
5660000 2.13099
5661000 2.13857
5662000 2.13397
5663000 2.12363
5664000 2.13602
5665000 2.10277
5666000 2.16214
5667000 2.16892
5668000 2.14421
5669000 2.16933
5670000 2.12287
5671000 2.08749
5672000 2.1556
5673000 2.12353
5674000 2.16314
5675000 2.1346
5676000 2.14241
5677000 2.11354
5678000 2.10421
5679000 2.13602
5680000 2.11071
5681000 2.13632
5682000 2.09783
5683000 2.12145
5684000 2.10333
5685000 2.11288
5686000 2.12697
5687000 2.13162
5688000 2.11203
5689000 2.1833
5690000 2.16555
5691000 2.1609
5692000 2.15324
5693000 2.13956
5694000 2.17396
5695000 2.15617
5696000 2.11758
5697000 2.13169
5698000 2.15794
5699000 2.18157
5700000 2.1173
5701000 2.14673
5702000 2.16601
5703000 2.12795
5704000 2.16716
5705000 2.1359
5706000 2.11999
5707000 2.18277
5708000 2.19582
5709000 2.15966
5710000 2.18643
5711000 2.15948
5712000 2.17718
5713000 2.18514
5714000 2.17049
5715000 2.17869
5716000 2.18479
5717000 2.18089
5718000 2.13736
5719000 2.18729
5720000 2.13095
5721000 2.19379
5722000 2.15863
5723000 2.16901
5724000 2.18166
5725000 2.23413
5726000 2.21532
5727000 2.19195
5728000 2.16867
5729000 2.23308
5730000 2.19106
5731000 2.14991
5732000 2.20824
5733000 2.13706
5734000 2.14524
5735000 2.19218
5736000 2.19518
5737000 2.13374
5738000 2.18512
5739000 2.18895
5740000 2.16393
5741000 2.16409
5742000 2.17916
5743000 2.1493
5744000 2.17523
5745000 2.14369
5746000 2.19475
5747000 2.12934
5748000 2.17812
5749000 2.18797
5750000 2.15865
5751000 2.1413
5752000 2.13274
5753000 2.12429
5754000 2.1776
5755000 2.15948
5756000 2.15034
5757000 2.16312
5758000 2.17793
5759000 2.17265
5760000 2.14336
5761000 2.12808
5762000 2.21533
5763000 2.16682
5764000 2.1522
5765000 2.17586
5766000 2.1863
5767000 2.15971
5768000 2.13856
5769000 2.16926
5770000 2.1351
5771000 2.16798
5772000 2.14472
5773000 2.1432
5774000 2.13779
5775000 2.1442
5776000 2.12331
5777000 2.15492
5778000 2.16076
5779000 2.12739
5780000 2.14282
5781000 2.12266
5782000 2.16145
5783000 2.14013
5784000 2.13695
5785000 2.14333
5786000 2.10612
5787000 2.13804
5788000 2.12226
5789000 2.16899
5790000 2.13065
5791000 2.12974
5792000 2.11379
5793000 2.1262
5794000 2.11299
5795000 2.12954
5796000 2.13064
5797000 2.13287
5798000 2.12293
5799000 2.07771
5800000 2.11312
5801000 2.1434
5802000 2.12633
5803000 2.12033
5804000 2.1322
5805000 2.14044
5806000 2.12034
5807000 2.10822
5808000 2.15148
5809000 2.13817
5810000 2.12711
5811000 2.16403
5812000 2.13385
5813000 2.17103
5814000 2.10472
5815000 2.16282
5816000 2.15199
5817000 2.13318
5818000 2.13769
5819000 2.14849
5820000 2.14331
5821000 2.13719
5822000 2.11786
5823000 2.12313
5824000 2.15684
5825000 2.10512
5826000 2.17345
5827000 2.10818
5828000 2.13742
5829000 2.15926
5830000 2.14605
5831000 2.15117
5832000 2.1482
5833000 2.13542
5834000 2.20028
5835000 2.11839
5836000 2.16145
5837000 2.14124
5838000 2.16331
5839000 2.16548
5840000 2.15474
5841000 2.15162
5842000 2.12452
5843000 2.11973
5844000 2.14842
5845000 2.13147
5846000 2.17114
5847000 2.16152
5848000 2.16774
5849000 2.14201
5850000 2.15774
5851000 2.17814
5852000 2.17086
5853000 2.16578
5854000 2.13442
5855000 2.19619
5856000 2.14655
5857000 2.16749
5858000 2.156
5859000 2.12069
5860000 2.12008
5861000 2.12526
5862000 2.15327
5863000 2.13495
5864000 2.1225
5865000 2.15723
5866000 2.14036
5867000 2.12077
5868000 2.15592
5869000 2.11605
5870000 2.16454
5871000 2.13669
5872000 2.11539
5873000 2.12936
5874000 2.1194
5875000 2.12509
5876000 2.1247
5877000 2.16436
5878000 2.14105
5879000 2.16007
5880000 2.10658
5881000 2.13006
5882000 2.11011
5883000 2.1168
5884000 2.14195
5885000 2.1096
5886000 2.11484
5887000 2.15537
5888000 2.11439
5889000 2.11004
5890000 2.15475
5891000 2.13944
5892000 2.14144
5893000 2.12558
5894000 2.13064
5895000 2.11601
5896000 2.12329
5897000 2.10894
5898000 2.17859
5899000 2.10431
5900000 2.10816
5901000 2.15
5902000 2.1325
5903000 2.14765
5904000 2.16479
5905000 2.11188
5906000 2.14791
5907000 2.13271
5908000 2.13987
5909000 2.12672
5910000 2.10817
5911000 2.11768
5912000 2.14585
5913000 2.08719
5914000 2.12562
5915000 2.09919
5916000 2.11963
5917000 2.08269
5918000 2.11467
5919000 2.15632
5920000 2.14008
5921000 2.12829
5922000 2.13193
5923000 2.15687
5924000 2.13289
5925000 2.14455
5926000 2.17019
5927000 2.12826
5928000 2.1118
5929000 2.11322
5930000 2.13017
5931000 2.10042
5932000 2.12488
5933000 2.18646
5934000 2.1154
5935000 2.14109
