# Time-averaged data for fix myfixReac
# TimeStep f_4[1] f_4[2] f_4[3] f_4[4]
101000 0 0 1 0
102000 0 0 1 0
103000 0 0 1 0.74
104000 0 0 1 1
105000 0 0 1.78 1
106000 0 0 2 1
107000 0 0 2 1
108000 0 0 2.46 1
109000 0.37 0 3 1
110000 1 0 3 1.51
111000 1 0 3 2
112000 1 0 3 2
113000 1 0.4 3 2
114000 1 1.49 3 2.36
115000 1.62 2 3 3
116000 2 2 3 3
117000 2 2 3 3
118000 2 2.87 3 3
119000 2 3 3 3.8
120000 2 3 3 4
121000 2 3 3 4
122000 2 3 3 4.88
123000 2 3 3 5
124000 2 3 4.02 5
125000 2 3 5 5
126000 2 3 5 5
127000 2 3 5 5
128000 2 3 5 5
129000 2 3 5 5
130000 2 3 5 5
131000 2 3 5 5
132000 2 3 5 5.97
133000 2 3 5 6
134000 2 3 5.13 6
135000 2 3 6 6.39
136000 2 3 6 7
137000 2 3 6 7
138000 2 3 6 7
139000 2 3.88 6.72 7
140000 2 4.73 7 7
141000 2 5 7 7
142000 2.31 5 7.59 7
143000 3 5.77 8 7.87
144000 3.88 6 9.13 8
145000 4 6 10 8.97
146000 4 6 11.16 9
147000 4.58 6 12 9
148000 5 6 12 9
149000 5 6 12 9
150000 5 6 12 9.82
151000 5 6 12 10
152000 5 6 12 10
153000 5 6 12 10
154000 5 6 12 10
155000 5 6 12 10
156000 5 6 12 10
157000 5 6 12 10
158000 5 6 12 10
159000 5 6 12 10
160000 5 6 12 10
161000 5 6 12 10
162000 5.15 6 12 10
163000 7 6 12 10.77
164000 7 6 12.83 11
165000 7 6 14 11
166000 7 6 14 11.75
167000 7 6 14 12.92
168000 7 6 14 13
169000 7 6 14 13.95
170000 7 6 14 14
171000 7 6.51 14.8 14
172000 7 7 15 14
173000 7 7 15 14
174000 7 7 15 14
175000 7.41 7 15.71 14.32
176000 9.05 7 16 15
177000 10 7 16 15
178000 10 7 16.04 15
179000 10 7 17 15
180000 10 7 17 15
181000 10 7 17 15.92
182000 10 7 17 16
183000 10 7 17 16
184000 10 7 17 16
185000 10 7 17.53 16
186000 10 7 18 16
187000 10 7 18 16
188000 10 7 18 16
189000 10 7 18 16
190000 10 7 18 16
191000 10 7 18 16
192000 10 7 18 16
193000 10 7 18 16
194000 10 7 18 16
195000 10.74 7 18 16
196000 11 7 18 16
197000 11 7 18 16
198000 11 7 18.9 16
199000 11.96 7 19 16
200000 12 7 19 16.97
201000 12 7 19 17
202000 12 7 19 17
203000 12.26 7 19.35 17
204000 13 7 20 17.62
205000 13 7 20 18
206000 13 7 20.11 18
207000 13 7 22.64 18
208000 13 7 23.44 18
209000 13 7 24.93 18
210000 13 7 26 18
211000 13 7 26 18
212000 13 7 26 18.26
213000 13 7 26 19
214000 13 7 26.18 19.43
215000 13 7 27 20
216000 13 7 27.98 20.56
217000 13 7 28 21
218000 13 7 28 21
219000 13 7 28 21
220000 13 7 28 21
221000 13 7 28 21
222000 13 7 28 21
223000 13 7 28 21
224000 13 7 28 21.55
225000 13 7 28 22
226000 13 7 28 22
227000 13 7 28 22
228000 13 7 28 22
229000 13 7 28 22
230000 13 7.67 28 22
231000 13 8 28 22
232000 13 8 28 22
233000 13 8 28 22.75
234000 13 8 28 23
235000 13 8 28 23
236000 13 8 28 23
237000 13 8 28.56 23
238000 13 8.37 29 23
239000 13 9 29 23
240000 13 9 29 23
241000 13 9 29 23
242000 13 9 29 23
243000 13 9 29 23.19
244000 13 9 29 24.79
245000 13 9 29 25
246000 13 9 29 25.23
247000 13 9 29 26
248000 13 9 29 26
249000 13 9 29 26
250000 13 9 29 26
251000 13 9 29 26
252000 13.89 9 29 26
253000 15 9 29 26
254000 15 9 29.42 26
255000 15 9 30 26
256000 15 9 30 26
257000 15 9 30 26.88
258000 15 9 30 27.06
259000 15.59 9 30 28
260000 16 9 30 28
261000 16 9 30 28
262000 16 9 30 28
263000 16 9 30 28
264000 16 9 30 28
265000 16 9 30 28
266000 16 9 30 28
267000 16 9 30 28
268000 16 9 30 28
269000 16 9 30.09 28
270000 16 9 31 28
271000 16 9 31 28
272000 16 9 31 28
273000 16 9 31 28
274000 16 9 31 28
275000 16 9 31.55 28
276000 16 9.8 32 28.05
277000 16 10 32 29
278000 16 10 32 29
279000 16 10 32 29
280000 16 10 32 29
281000 16 10 32 29
282000 16 10 32 29.1
283000 16 10 32 30
284000 16 10 32 30
285000 16 10 32 30
286000 16 10 32 30.67
287000 16 10 32 31
288000 16 10 32 31
289000 16 10 32 31.07
290000 16 10 32 32
291000 16 10 32 32
292000 16 10 32 32
293000 16.61 10 32 32
294000 17 10 32 32
295000 17 10 32 32
296000 17 10 32.53 32
297000 17 10 33 32
298000 17 10 33 32
299000 17 10 33 32
300000 17 10 33 32
301000 17 10 33.82 32
302000 17 10 34 32
303000 17 10 34 32
304000 17 10 34 32
305000 17 10 34 32
306000 17 10 34 32
307000 17.72 10.12 34 32
308000 18.82 11 34.08 32
309000 19 11 35 32
310000 19 11 35.24 32
311000 19 11 36 32
312000 19 11 36 32
313000 19.46 11 36 32
314000 20 11 36 32.64
315000 20 11 36 33
316000 20 11 36 33
317000 20 11 36 33
318000 20 11 36 33
319000 20 11 36 33
320000 20 11.79 36.44 33
321000 20 12 37 33
322000 20 12 37.19 33.34
323000 20 12 38 35
324000 20 12 38 35
325000 20 12 38 35
326000 20 12 38 35
327000 20 12 38 35
328000 20 12 38 35
329000 20 12 38 35
330000 20 12 38 35
331000 20 12 38.06 35
332000 20 12 39 35.75
333000 20 12 39 36
334000 20 12 39 36.62
335000 20 12 39 37
336000 20 12 39 37.96
337000 20 12 39 38
338000 20 12 39 38
339000 20 12 39 38
340000 20 12 39 38
341000 20 12 39 38
342000 20 12 39 38
343000 20 12 39 38.04
344000 20 12 39 39
345000 20 12 39 39.12
346000 20 12 39 40.48
347000 20 12 39 41.68
348000 20 12 39 42
349000 20 12 39 42
350000 20 12 39 42
351000 20 12 39 42.34
352000 20 12 39 43
353000 20 12 39 43
354000 20 12 39 43
355000 20 12 39 43
356000 20 12 39 43.59
357000 20 12 39 44
358000 20 12 39 44
359000 20 12 39 44
360000 20 12 39 44
361000 20 12 39.37 44
362000 20 12 40 44.86
363000 20 12 40 45
364000 20 12 40 45
365000 20 12 40 45
366000 20 12 40 45
367000 20 12 40 45
368000 20 12 40 45
369000 20 12 40 45
370000 20 12 40 45
371000 20 12 40 45
372000 20 12 40.06 45
373000 20 12 41 45.95
374000 20 12 41 46
375000 20 12 41 46
376000 20 12 41 46
377000 20 12 41.84 46
378000 20 12 42 46
379000 20 12 42.02 46
380000 20 12 43 46
381000 20 12 43 46
382000 20 12 43 46
383000 20 12 43 46
384000 20 12 43 46
385000 20 12 43 46
386000 20 12 43 46
387000 20 12 43 46
388000 20 12 43 46.92
389000 20 12 43.85 47
390000 20 12 44 47
391000 20.17 12 44 47
392000 21 12 44.8 47
393000 21 12 45 47.25
394000 21 12 45 48
395000 21 12 45 48
396000 21 12 45 48
397000 21 12 45 48
398000 21 12 45 48.8
399000 21 12 45 49
400000 21 12 45 49
401000 21 12 45 49
402000 21 12 45 49
403000 21 12 45 49.79
404000 21 12 45 50
405000 21 12 45 50
406000 21 12 45 50
407000 21 12 45 50
408000 21 12 45 50
409000 21 12 45 50
410000 21 12 45 50
411000 21 12 45 50
412000 21 12 45.71 50
413000 21 12 46 50
414000 21 12 46 50
415000 21 12 46 50
416000 21 12 46 50
417000 21 12 46 50.69
418000 21 12 46 51
419000 21 12 46 51
420000 21 12 46 51.51
421000 21 12 46 52
422000 21 12 46 52
423000 21 12 46 52
424000 21 12 46 52
425000 21 12 46 52
426000 21 12 46 52
427000 21 12 46 52
428000 21 12 46 52
429000 21 12 46 52
430000 21 12 46.38 52
431000 21 12 47 52.98
432000 21 12 47 53
433000 21 12 47 53
434000 21 12 47 53
435000 21 12 47 53
436000 21 12 47 53
437000 21 12 47 53
438000 21 12 47.85 53
439000 21 12 48 53
440000 21 12 48 53
441000 21 12 48 53
442000 21 12 48 53
443000 21.46 12 48 53
444000 22 12 48 53
445000 22 12 48.02 53
446000 22 12 49 53
447000 22 12 49 53.86
448000 22 12 49.67 54.41
449000 22 12 50 55
450000 22 12 50 55.85
451000 22 12 50 57
452000 22 12 50 57
453000 22 12 50 57
454000 22 12 50 57.68
455000 22 12 50 58
456000 22 12 50 58
457000 22 12 50 58
458000 22 12 50 58
459000 22 12 50 58
460000 22 12 50 58
461000 22 12 50 58
462000 22 12 50 58
463000 22 12 50 58
464000 22 12 50 58
465000 22 12 50 58
466000 22 12 50 58
467000 22 12 50 58
468000 22 12 50 58
469000 22 12 50 58.15
470000 22 12 50 59.38
471000 22 12 50 60
472000 22 12 50 60
473000 22 12 50 60.06
474000 22 12 50 61.98
475000 22 12 50 62
476000 22 12 50.14 62.35
477000 22 12 51.02 63
478000 22 12 52 63
479000 22 12 52 63
480000 22 12 52.19 63
481000 22 12 53 63
482000 22 12 53 63
483000 22 12 53 63
484000 22 12 53 63
485000 22 12 53 63
486000 22 12 53 63
487000 22 12 53 63.04
488000 22 12 53 64
489000 22 12 53 64
490000 22 12 53 64
491000 22 12 53 64
492000 22 12 53 64
493000 22 12 53 64
494000 22 12 53.8 64
495000 22 12 54 64
496000 22 12 54 64
497000 22 12 54.86 64
498000 22 12 55 64
499000 22 12 55 64.7
500000 22 12 55 65
501000 22 12 55.52 65
502000 22 12 56 65
503000 22 12 56 65.88
504000 22 12 56 66
505000 22 12 56 66
506000 22 12 56 66
507000 22 12 56 66
508000 22 12 56 66.73
509000 22 12 56 68
510000 22 12 56 68
511000 22 12 56 68
512000 22 12 56 68
513000 22 12 56 68
514000 22 12 56 68
515000 22 12 56 68
516000 22 12 56 68
517000 22 12 56.47 68
518000 22 12 57 68
519000 22 12 57 68
520000 22 12 57 68
521000 22 12 57 68
522000 22 12 57 68
523000 22 12 57 68
524000 22 12 57.04 68
525000 22 12 58 68
526000 22 12 58 68
527000 22 12 58 68
528000 22 12 58 68
529000 22 12 58 68.17
530000 22 12 58.72 69
531000 22 12 59 69
532000 22 12 59 69
533000 22 12 59 69
534000 22 12 59 69
535000 22 12 59 70.82
536000 22 12 59.64 71.74
537000 22 12 60 72
538000 22 12 60 72
539000 22 12 60 72
540000 22 12 60 72
541000 22 12 60 72
542000 22 12 60 72.71
543000 22 12 60.78 73
544000 22 12 61 73
545000 22 12 61 73
546000 22 12 61.8 73
547000 22 12 62.87 73
548000 22 12 63 73
549000 22 12 63 73
550000 22 12 63 73
551000 22 12 63 73
552000 22 12 63 73
553000 22 12 63 73
554000 22 12 63 73.97
555000 22 12 63.32 74
556000 22 12 64 74
557000 22 12 64 74
558000 22 12 64 74
559000 22 12 64 74
560000 22 12 64 74.73
561000 22 12 64 75
562000 22 12 64 75.28
