# Fix print output for fix myfixTypes
30,24,26
30,24,26
30,24,26
30,24,26
30,24,26
30,24,26
30,24,26
30,24,26
30,24,26
30,24,26
29,25,26
30,24,26
30,24,26
30,24,26
30,24,26
30,24,26
30,24,26
30,23,27
30,24,26
29,24,27
29,23,28
29,23,28
30,22,28
30,22,28
31,20,29
30,22,28
30,22,28
29,23,28
29,23,28
28,24,28
28,24,28
28,24,28
28,25,27
28,25,27
29,24,27
29,24,27
29,25,26
29,24,27
29,23,28
29,23,28
30,22,28
30,22,28
30,22,28
30,24,26
30,24,26
30,24,26
30,23,27
30,23,27
30,23,27
30,24,26
30,24,26
30,24,26
30,23,27
30,23,27
30,23,27
30,23,27
30,23,27
30,23,27
31,22,27
31,22,27
31,22,27
32,22,26
32,22,26
32,22,26
32,21,27
32,21,27
32,21,27
32,21,27
31,23,26
31,23,26
31,23,26
31,23,26
31,23,26
31,23,26
31,23,26
31,23,26
31,23,26
31,24,25
31,24,25
31,24,25
31,24,25
31,24,25
31,24,25
30,25,25
30,25,25
30,25,25
30,25,25
30,25,25
30,25,25
30,24,26
30,24,26
30,24,26
30,24,26
30,24,26
30,24,26
30,24,26
31,23,26
31,23,26
31,23,26
31,23,26
32,22,26
32,22,26
31,24,25
30,24,26
31,23,26
31,22,27
31,21,28
31,21,28
32,20,28
32,21,27
32,21,27
32,21,27
31,22,27
31,23,26
31,22,27
31,22,27
31,22,27
31,22,27
31,23,26
31,23,26
31,23,26
31,23,26
31,23,26
31,23,26
31,23,26
31,23,26
31,23,26
32,22,26
32,22,26
32,22,26
32,22,26
32,22,26
32,22,26
32,22,26
32,22,26
31,23,26
31,23,26
31,23,26
31,22,27
31,21,28
31,21,28
31,21,28
31,21,28
31,21,28
31,21,28
31,20,29
31,20,29
31,19,30
31,18,31
31,18,31
31,18,31
31,18,31
31,18,31
31,18,31
31,18,31
31,18,31
32,18,30
33,17,30
33,17,30
33,17,30
33,17,30
33,17,30
33,17,30
33,16,31
33,16,31
33,17,30
32,17,31
32,17,31
30,19,31
30,19,31
30,19,31
30,19,31
30,19,31
30,19,31
30,19,31
30,20,30
30,20,30
31,19,30
32,17,31
32,17,31
32,17,31
32,17,31
32,17,31
32,17,31
32,17,31
33,16,31
33,16,31
33,16,31
33,16,31
33,16,31
32,17,31
32,17,31
32,17,31
32,17,31
32,17,31
32,18,30
32,18,30
32,17,31
32,17,31
32,17,31
32,17,31
32,17,31
33,16,31
32,17,31
32,17,31
31,18,31
31,18,31
31,18,31
31,19,30
31,19,30
31,19,30
31,19,30
31,19,30
31,19,30
31,18,31
31,18,31
31,19,30
30,20,30
30,20,30
31,20,29
31,20,29
31,20,29
32,19,29
32,19,29
32,21,27
32,21,27
33,19,28
32,20,28
31,21,28
31,20,29
31,20,29
31,20,29
30,21,29
30,21,29
30,21,29
30,21,29
30,21,29
32,19,29
33,18,29
34,17,29
34,17,29
34,17,29
34,18,28
34,18,28
34,18,28
34,18,28
34,18,28
35,17,28
35,17,28
35,17,28
35,17,28
35,17,28
35,17,28
35,18,27
35,19,26
36,17,27
36,16,28
36,16,28
37,15,28
37,15,28
37,15,28
37,15,28
38,15,27
38,15,27
38,15,27
38,15,27
37,16,27
36,17,27
36,17,27
36,17,27
36,17,27
36,18,26
37,17,26
37,17,26
37,17,26
37,17,26
36,18,26
36,19,25
36,19,25
36,19,25
36,19,25
36,19,25
36,19,25
36,19,25
36,19,25
36,20,24
36,19,25
36,19,25
36,19,25
36,19,25
37,19,24
37,19,24
37,19,24
39,18,23
39,17,24
39,17,24
39,17,24
39,18,23
39,18,23
39,18,23
39,18,23
38,19,23
38,20,22
37,21,22
38,20,22
38,21,21
38,21,21
38,21,21
38,21,21
38,21,21
38,20,22
38,20,22
38,20,22
38,20,22
38,20,22
38,20,22
38,20,22
38,20,22
38,20,22
38,20,22
38,20,22
38,20,22
39,19,22
39,19,22
39,19,22
39,19,22
39,19,22
40,18,22
41,17,22
41,17,22
41,17,22
41,18,21
41,18,21
42,17,21
42,17,21
43,16,21
43,17,20
43,17,20
43,17,20
43,17,20
43,16,21
43,16,21
43,16,21
43,16,21
43,16,21
43,15,22
43,15,22
43,15,22
43,15,22
42,16,22
42,17,21
42,17,21
42,17,21
42,17,21
42,17,21
42,17,21
42,17,21
42,18,20
42,18,20
42,18,20
42,18,20
42,18,20
42,18,20
42,18,20
41,20,19
41,21,18
41,21,18
41,21,18
43,19,18
43,19,18
43,19,18
43,19,18
43,19,18
44,18,18
44,18,18
44,19,17
44,19,17
44,19,17
44,19,17
44,19,17
44,19,17
44,19,17
44,19,17
44,19,17
44,19,17
44,19,17
44,18,18
44,18,18
46,16,18
46,16,18
45,17,18
44,18,18
44,18,18
44,18,18
44,18,18
44,18,18
44,18,18
45,18,17
45,19,16
45,19,16
45,19,16
45,19,16
45,19,16
45,19,16
45,17,18
45,17,18
45,17,18
45,17,18
45,17,18
45,17,18
45,17,18
45,17,18
45,17,18
45,17,18
46,16,18
46,16,18
47,15,18
47,15,18
47,15,18
45,17,18
45,18,17
45,18,17
45,18,17
45,18,17
45,18,17
45,18,17
45,18,17
45,18,17
46,18,16
46,18,16
46,18,16
46,18,16
45,19,16
46,18,16
46,18,16
46,19,15
46,19,15
46,19,15
46,18,16
46,17,17
46,17,17
46,17,17
46,18,16
46,18,16
45,19,16
45,19,16
45,19,16
45,19,16
45,19,16
45,19,16
45,18,17
45,18,17
45,18,17
45,18,17
45,18,17
45,18,17
45,18,17
45,18,17
45,18,17
45,18,17
45,18,17
45,18,17
45,19,16
45,18,17
45,18,17
45,18,17
45,19,16
45,18,17
44,19,17
44,19,17
44,20,16
44,20,16
44,20,16
44,20,16
44,20,16
44,20,16
44,20,16
44,20,16
44,20,16
44,20,16
44,20,16
44,21,15
44,21,15
44,21,15
44,21,15
44,21,15
44,21,15
45,20,15
45,20,15
45,20,15
45,20,15
44,21,15
43,22,15
44,21,15
44,22,14
44,22,14
44,21,15
44,20,16
44,19,17
44,18,18
44,18,18
44,17,19
44,17,19
44,18,18
44,18,18
44,18,18
44,18,18
44,18,18
44,18,18
44,18,18
44,17,19
44,17,19
44,17,19
43,18,19
43,18,19
43,18,19
43,18,19
43,18,19
43,18,19
43,18,19
43,18,19
42,19,19
42,19,19
42,19,19
41,19,20
41,19,20
41,18,21
41,18,21
41,18,21
41,18,21
41,18,21
41,18,21
41,18,21
41,19,20
41,19,20
41,19,20
41,19,20
42,18,20
42,18,20
42,18,20
42,18,20
41,19,20
41,19,20
41,19,20
43,17,20
43,17,20
43,17,20
43,17,20
43,18,19
44,17,19
44,17,19
44,17,19
44,17,19
44,17,19
44,17,19
44,18,18
45,17,18
45,17,18
45,17,18
45,17,18
45,17,18
45,17,18
45,18,17
45,18,17
45,18,17
45,19,16
45,19,16
45,19,16
45,19,16
45,19,16
45,19,16
45,19,16
45,19,16
45,19,16
45,19,16
45,19,16
45,19,16
45,19,16
45,18,17
45,18,17
45,17,18
45,17,18
45,17,18
45,16,19
44,18,18
44,18,18
44,15,21
44,15,21
44,15,21
44,14,22
44,14,22
44,14,22
44,14,22
44,14,22
44,14,22
44,14,22
45,13,22
45,13,22
45,13,22
45,13,22
45,13,22
45,12,23
45,12,23
44,14,22
44,14,22
44,14,22
44,14,22
44,14,22
44,14,22
44,14,22
44,14,22
44,12,24
44,12,24
42,15,23
42,15,23
42,15,23
42,15,23
42,15,23
42,15,23
42,16,22
42,16,22
42,16,22
42,16,22
42,16,22
43,15,22
43,15,22
43,15,22
45,13,22
45,13,22
45,13,22
45,13,22
45,13,22
45,13,22
45,13,22
45,13,22
44,14,22
44,14,22
44,14,22
44,14,22
45,13,22
46,12,22
46,12,22
47,11,22
47,11,22
47,11,22
47,11,22
47,11,22
47,11,22
47,11,22
46,12,22
46,12,22
46,12,22
46,12,22
46,12,22
46,12,22
46,12,22
47,11,22
47,11,22
47,11,22
47,12,21
47,12,21
47,12,21
48,12,20
48,12,20
48,12,20
48,13,19
48,14,18
48,14,18
49,13,18
49,13,18
48,13,19
48,13,19
48,13,19
48,13,19
48,14,18
48,14,18
49,13,18
49,13,18
49,13,18
49,13,18
50,12,18
50,12,18
50,12,18
50,12,18
50,12,18
49,13,18
49,13,18
49,15,16
49,15,16
48,16,16
48,17,15
48,17,15
48,17,15
48,17,15
48,17,15
48,17,15
48,17,15
48,17,15
48,17,15
48,17,15
48,16,16
48,16,16
48,16,16
48,16,16
48,16,16
48,16,16
48,16,16
48,16,16
48,16,16
49,15,16
49,15,16
49,15,16
48,16,16
48,16,16
48,16,16
48,16,16
48,16,16
47,17,16
47,17,16
47,17,16
47,18,15
47,18,15
46,19,15
46,19,15
46,19,15
46,19,15
46,19,15
46,19,15
46,19,15
46,19,15
46,19,15
46,20,14
46,20,14
46,19,15
46,18,16
46,18,16
46,18,16
46,18,16
45,19,16
45,19,16
45,19,16
46,18,16
46,18,16
46,18,16
47,18,15
47,18,15
47,18,15
47,18,15
47,18,15
47,18,15
47,18,15
47,18,15
47,18,15
47,18,15
47,18,15
48,17,15
49,16,15
49,16,15
49,16,15
49,16,15
49,16,15
49,16,15
48,17,15
48,17,15
48,17,15
48,17,15
48,17,15
47,18,15
47,18,15
47,18,15
47,18,15
47,18,15
47,18,15
47,17,16
47,17,16
47,17,16
48,16,16
48,16,16
48,16,16
48,16,16
48,16,16
48,16,16
48,16,16
48,16,16
48,16,16
48,16,16
48,16,16
48,16,16
48,16,16
48,16,16
48,16,16
48,16,16
48,16,16
48,16,16
48,16,16
48,16,16
48,16,16
47,16,17
46,17,17
46,17,17
46,17,17
46,17,17
46,17,17
46,17,17
46,18,16
46,18,16
46,18,16
46,18,16
46,20,14
46,20,14
46,20,14
46,20,14
46,20,14
47,19,14
48,18,14
48,18,14
48,18,14
48,18,14
48,18,14
49,17,14
49,17,14
50,16,14
50,16,14
50,16,14
50,16,14
50,16,14
50,16,14
50,16,14
50,16,14
50,16,14
50,16,14
51,15,14
51,15,14
51,15,14
51,15,14
50,16,14
51,15,14
51,15,14
51,15,14
51,15,14
51,15,14
51,15,14
52,14,14
52,14,14
51,15,14
51,15,14
51,15,14
51,15,14
51,15,14
51,16,13
51,16,13
51,16,13
51,16,13
51,16,13
51,16,13
51,16,13
51,16,13
51,16,13
50,17,13
50,16,14
50,16,14
50,16,14
50,16,14
50,16,14
50,16,14
50,16,14
50,16,14
49,17,14
49,18,13
49,18,13
49,18,13
50,17,13
50,17,13
50,17,13
50,17,13
50,17,13
50,17,13
50,17,13
50,17,13
50,17,13
50,17,13
50,17,13
50,17,13
51,16,13
52,15,13
53,14,13
53,13,14
53,13,14
53,13,14
53,13,14
53,13,14
53,13,14
53,13,14
53,13,14
53,13,14
53,13,14
53,13,14
53,13,14
53,13,14
51,15,14
51,15,14
51,15,14
51,15,14
51,15,14
51,15,14
50,16,14
50,16,14
50,16,14
50,16,14
50,16,14
50,16,14
50,14,16
50,14,16
50,14,16
50,14,16
50,14,16
50,14,16
50,14,16
50,15,15
50,15,15
50,15,15
50,15,15
50,16,14
50,16,14
50,16,14
50,16,14
50,16,14
50,16,14
50,16,14
50,16,14
50,17,13
51,16,13
51,16,13
51,16,13
51,16,13
51,15,14
